312,232,12082.799999997,1761124819565
342,237,12205.299999997,1761124819688
378,241,12297.099999994,1761124819780
378,241,12382.899999991,1761124819865
378,241,12473.899999991,1761124819957
378,241,12566,1761124820049
378,241,12667.099999994,1761124820150
378,241,12752.399999991,1761124820235
387,241,12842.599999994,1761124820325
400,241,12960.899999991,1761124820443
400,241,13047.099999994,1761124820530
337,229,13141.199999988,1761124820624
306,229,13240.199999988,1761124820723
289,229,13326.699999988,1761124820809
288,229,13424.099999994,1761124820907
259,229,13515.899999991,1761124820998
259,229,13607.299999997,1761124821090
259,229,13703.399999991,1761124821186
259,229,13795,1761124821278
259,229,13910.699999988,1761124821393
259,229,14038.599999994,1761124821521
259,229,14128,1761124821611
259,229,14211.399999991,1761124821694
259,229,14291.5,1761124821774
259,229,14373,1761124821856
259,229,14457.699999988,1761124821940
283,231,14543.899999991,1761124822026
283,231,14619.799999997,1761124822102
283,231,14696,1761124822179
283,231,14770.099999994,1761124822253
283,231,14853.099999994,1761124822336
283,231,14936,1761124822418
283,231,15010.899999991,1761124822493
285,231,15099.599999994,1761124822582
376,246,15183.899999991,1761124822667
394,247,15267.799999997,1761124822750
394,247,15351.299999997,1761124822834
394,247,15430.199999988,1761124822913
394,247,15509.099999994,1761124822992
394,247,15599.399999991,1761124823082
394,247,15682.899999991,1761124823165
394,247,15775.5,1761124823258
394,247,15852.099999994,1761124823335
394,247,15930.099999994,1761124823413
394,247,16035.899999991,1761124823518
394,247,16114.799999997,1761124823597
394,247,16190.5,1761124823673
394,247,16270.5,1761124823753
394,247,16359.199999988,1761124823842
262,285,16448.5,1761124823931
160,310,16528.899999991,1761124824011
160,310,16606.399999991,1761124824089
159,310,16698.799999997,1761124824181
159,310,16777,1761124824260
159,310,16895.199999988,1761124824378
159,310,16980,1761124824463
159,310,17059.799999997,1761124824542
159,310,17148.699999988,1761124824631
159,310,17229.299999997,1761124824712
159,310,17306.5,1761124824789
159,310,17391.399999991,1761124824874
159,310,17473.399999991,1761124824956
159,310,17550.799999997,1761124825033
159,310,17627.5,1761124825110
159,310,17704,1761124825187
159,310,17792.099999994,1761124825275
159,310,17867.699999988,1761124825350
159,310,17952.799999997,1761124825435
159,310,18039,1761124825522
159,310,18120.299999997,1761124825603
159,310,18217.899999991,1761124825700
159,310,18319.299999997,1761124825802
159,310,18395.799999997,1761124825878
159,310,18477.5,1761124825960
159,310,18553.299999997,1761124826036
159,310,18624.699999988,1761124826107
159,310,18708.599999994,1761124826191
159,310,18788.899999991,1761124826271
159,310,18872.399999991,1761124826355
159,310,18954.199999988,1761124826437
159,310,19047.299999997,1761124826530
159,310,19124,1761124826606
159,310,19205.199999988,1761124826688
159,310,19289.699999988,1761124826772
159,310,19367,1761124826850
159,310,19439.599999994,1761124826922
159,310,19520.5,1761124827003
159,310,19606.899999991,1761124827089
159,310,19687.5,1761124827170
159,310,19767.899999991,1761124827250
159,310,19840.299999997,1761124827323
159,310,19920.5,1761124827403
159,310,19994.399999991,1761124827477
159,310,20067.5,1761124827550
159,310,20158.699999988,1761124827641
159,310,20247.299999997,1761124827730
159,310,20320.899999991,1761124827804
159,310,20415.799999997,1761124827898
159,310,20505.099999994,1761124827988
159,310,20589.799999997,1761124828072
159,310,20677.299999997,1761124828160
159,310,20759.299999997,1761124828242
159,310,20844.799999997,1761124828327
159,310,20917.099999994,1761124828400
159,310,21006.899999991,1761124828489
159,310,21093.5,1761124828576
159,310,21173,1761124828655
159,310,21253.699999988,1761124828736
159,310,21344.699999988,1761124828827
159,310,21419,1761124828902
159,310,21502.099999994,1761124828985
159,310,21590.199999988,1761124829073
159,310,21671.099999994,1761124829154
159,310,21743,1761124829225
159,310,21820.099999994,1761124829303
159,310,21903.599999994,1761124829386
159,310,21980,1761124829463
159,310,22068.399999991,1761124829551
159,310,22153.599999994,1761124829636
159,310,22238.599999994,1761124829721
159,310,22321.199999988,1761124829804
159,310,22402.5,1761124829885
159,310,22484.799999997,1761124829967
159,310,22571.299999997,1761124830054
159,310,22657.599999994,1761124830140
159,310,22734.799999997,1761124830217
159,310,22807.799999997,1761124830290
159,310,22885.799999997,1761124830368
159,310,22963.899999991,1761124830446
159,310,23039.599999994,1761124830522
159,310,23119.5,1761124830602
159,310,23206.099999994,1761124830689
159,310,23281.799999997,1761124830764
159,310,23355.699999988,1761124830838
159,310,23437.799999997,1761124830920
159,310,23520,1761124831003
159,310,23596.299999997,1761124831079
159,310,23668.399999991,1761124831151
159,310,23752,1761124831235
159,310,23830.899999991,1761124831313
159,310,23903.299999997,1761124831386
159,310,23984.599999994,1761124831467
159,310,24073.599999994,1761124831556
159,310,24155.899999991,1761124831638
159,310,24239.199999988,1761124831722
159,310,24320.099999994,1761124831803
159,310,24406.599999994,1761124831889
159,310,24485.399999991,1761124831968
159,310,24557.199999988,1761124832040
159,310,24636.899999991,1761124832119
159,310,24710.5,1761124832193
159,310,24785,1761124832267
159,310,24857.899999991,1761124832340
159,310,24933.5,1761124832416
159,310,25021.699999988,1761124832504
159,310,25102,1761124832585
159,310,25177.199999988,1761124832660
159,310,25246.699999988,1761124832729
159,310,25317.799999997,1761124832800
159,310,25416,1761124832899
159,310,25487,1761124832970
159,310,25571,1761124833054
159,310,25653.5,1761124833136
159,310,25727.5,1761124833210
159,310,25803.599999994,1761124833286
159,310,25881.799999997,1761124833364
159,310,25956.099999994,1761124833439
159,310,26034.299999997,1761124833517
159,310,26123,1761124833606
159,310,26205.5,1761124833688
159,310,26288.099999994,1761124833771
159,310,26372.5,1761124833855
159,310,26460.099999994,1761124833943
159,310,26540.199999988,1761124834023
159,310,26622.399999991,1761124834105
159,310,26714.5,1761124834197
159,310,26788.899999991,1761124834271
159,310,26875.399999991,1761124834358
159,310,26951.199999988,1761124834434
159,310,27041.099999994,1761124834524
159,310,27115.199999988,1761124834598
159,310,27207,1761124834690
159,310,27286.399999991,1761124834769
159,310,27360.099999994,1761124834843
159,310,27431.899999991,1761124834914
159,310,27517.299999997,1761124835000
159,310,27601.299999997,1761124835084
159,310,27685.599999994,1761124835168
159,310,27770.599999994,1761124835253
159,310,27842.199999988,1761124835325
159,310,27916.5,1761124835399
159,310,27989.399999991,1761124835472
159,310,28068,1761124835551
159,310,28153.5,1761124835636
159,310,28227.599999994,1761124835710
159,310,28304.599999994,1761124835787
159,310,28386.299999997,1761124835869
159,310,28473.699999988,1761124835956
159,310,28555.699999988,1761124836038
159,310,28636.699999988,1761124836119
159,310,28724,1761124836207
159,310,28803.899999991,1761124836286
159,310,28884.399999991,1761124836367
159,310,28966.799999997,1761124836449
159,310,29041.299999997,1761124836524
159,310,29114.099999994,1761124836597
159,310,29186.599999994,1761124836669
159,310,29267.799999997,1761124836750
159,310,29340,1761124836823
159,310,29418.5,1761124836901
159,310,29503.899999991,1761124836987
159,310,29588,1761124837071
159,310,29668.199999988,1761124837151
159,310,29753.799999997,1761124837236
159,310,29832.5,1761124837315
159,310,29919.799999997,1761124837402
159,310,29989.099999994,1761124837472
159,310,30094.299999997,1761124837577
159,310,30167.299999997,1761124837650
159,310,30261.299999997,1761124837744
159,310,30331.599999994,1761124837814
159,310,30419,1761124837901
159,310,30502.199999988,1761124837985
159,310,30577.099999994,1761124838060
159,310,30653.599999994,1761124838136
159,310,30738.599999994,1761124838221
159,310,30818.599999994,1761124838301
159,310,30902.5,1761124838385
159,310,30971.799999997,1761124838454
159,310,31054.799999997,1761124838537
159,310,31137.899999991,1761124838620
159,310,31217.899999991,1761124838700
159,310,31309,1761124838792
159,310,31388.899999991,1761124838872
159,310,31467.099999994,1761124838950
412,312,31548.599999994,1761124839031
582,315,31656.899999991,1761124839139
1321,382,31737.099999994,1761124839220
1918,451,31827,1761124839310
1918,451,31903,1761124839386
1918,451,31980.599999994,1761124839463
1918,436,32072.299999997,1761124839555
1908,400,32157.599999994,1761124839640
1903,397,32245.899999991,1761124839729
1893,385,32334.5,1761124839817
1890,366,32425.099999994,1761124839908
1885,337,32515.199999988,1761124839998
1885,331,32604.199999988,1761124840087
1882,324,32702.5,1761124840185
1866,310,32797.399999991,1761124840280
1861,306,32889.5,1761124840372
1860,306,32983.5,1761124840466
1860,306,33073.5,1761124840556
1860,306,33165.799999997,1761124840648
1860,306,33264.199999988,1761124840747
1860,306,33344.199999988,1761124840827
1857,306,33437,1761124840920
1716,327,33529.5,1761124841012
1417,345,33616.799999997,1761124841099
1408,346,33703.299999997,1761124841186
1408,346,33786.399999991,1761124841269
1408,346,33874.399999991,1761124841357
1408,346,33959.899999991,1761124841442
1408,346,34041.599999994,1761124841524
1408,346,34120.299999997,1761124841603
1408,346,34198.399999991,1761124841681
1408,346,34274.199999988,1761124841757
1408,346,34357,1761124841840
1408,346,34434.399999991,1761124841917
1408,346,34508.5,1761124841991
1408,346,34608,1761124842091
1408,346,34683.299999997,1761124842166
1408,346,34771.799999997,1761124842254
1408,346,34857.699999988,1761124842340
1408,346,34936.599999994,1761124842419
1408,346,35019.199999988,1761124842502
1408,346,35092.799999997,1761124842575
1408,346,35169.899999991,1761124842652
1408,346,35251.699999988,1761124842734
1408,346,35321.099999994,1761124842804
1408,346,35403.399999991,1761124842886
1408,346,35476.099999994,1761124842959
1408,346,35553.699999988,1761124843036
1408,346,35633.599999994,1761124843116
1408,346,35719.299999997,1761124843202
1408,346,35790.199999988,1761124843273
1408,346,35869.599999994,1761124843352
1408,346,35945.199999988,1761124843428
1408,346,36022,1761124843505
1408,346,36102.099999994,1761124843585
1408,346,36179.099999994,1761124843662
1408,346,36254.5,1761124843737
1408,346,36334.5,1761124843817
1408,346,36408.399999991,1761124843891
1408,346,36485.699999988,1761124843968
1408,346,36564.799999997,1761124844047
1408,346,36658.5,1761124844141
1408,346,36738.699999988,1761124844221
1408,346,36822.699999988,1761124844305
1408,346,36906.099999994,1761124844389
1408,346,36984.599999994,1761124844467
1408,346,37059.299999997,1761124844542
1408,346,37133.799999997,1761124844616
1408,346,37203.299999997,1761124844686
1408,346,37283.399999991,1761124844766
1408,346,37369.099999994,1761124844852
1408,346,37450.5,1761124844933
1408,346,37520.899999991,1761124845003
1408,346,37602.099999994,1761124845085
1408,346,37678,1761124845161
1408,346,37752.299999997,1761124845235
1408,346,37825,1761124845308
1408,346,37902.299999997,1761124845385
1408,346,37975.199999988,1761124845458
1408,346,38052.399999991,1761124845535
1408,346,38137.299999997,1761124845620
1408,346,38218.5,1761124845701
1408,346,38303.699999988,1761124845786
1408,346,38404.299999997,1761124845887
1408,346,38477,1761124845960
1408,346,38552.899999991,1761124846035
1408,346,38637.199999988,1761124846120
1408,346,38720.899999991,1761124846203
1408,346,38804.5,1761124846287
1408,346,38889.599999994,1761124846372
1408,346,38969.699999988,1761124846452
1408,346,39059.599999994,1761124846542
1408,346,39134.399999991,1761124846617
1408,346,39213.899999991,1761124846696
1408,346,39306.399999991,1761124846789
1408,346,39384.699999988,1761124846867
1408,346,39462.299999997,1761124846945
1408,346,39536.199999988,1761124847019
1408,346,39619.099999994,1761124847102
1408,346,39705.699999988,1761124847188
1408,346,39788,1761124847271
1408,346,39868.399999991,1761124847351
1408,346,39954.199999988,1761124847437
1408,346,40032.899999991,1761124847515
1408,346,40106.399999991,1761124847589
1408,346,40187.099999994,1761124847670
1408,346,40263.199999988,1761124847746
1408,346,40333.399999991,1761124847816
1408,346,40415.199999988,1761124847898
1408,346,40506.399999991,1761124847989
1408,346,40581.299999997,1761124848064
1408,346,40653.5,1761124848136
1408,346,40735.599999994,1761124848218
1408,346,40818.299999997,1761124848301
1408,346,40909,1761124848392
1408,346,40982.599999994,1761124848465
1408,346,41074.699999988,1761124848557
1408,346,41174.199999988,1761124848657
1408,346,41250,1761124848733
1408,346,41320.699999988,1761124848803
1408,346,41400.899999991,1761124848883
1408,346,41469.299999997,1761124848952
1408,346,41550.799999997,1761124849033
1408,346,41633.5,1761124849116
1408,346,41703.099999994,1761124849186
1408,346,41782.199999988,1761124849265
1408,346,41868.399999991,1761124849351
1408,346,41960.299999997,1761124849443
1408,346,42044,1761124849527
1408,346,42119.899999991,1761124849602
1408,346,42208.699999988,1761124849691
1408,346,42286.5,1761124849769
1408,346,42369.399999991,1761124849852
1408,346,42452.799999997,1761124849935
1408,346,42532.399999991,1761124850015
1408,346,42620,1761124850103
1408,346,42717.399999991,1761124850200
1408,346,42803.099999994,1761124850286
1408,346,42902.5,1761124850385
1408,346,42974.399999991,1761124850457
1408,346,43068.099999994,1761124850551
1408,346,43155.199999988,1761124850638
1408,346,43236.799999997,1761124850719
1408,346,43318.699999988,1761124850801
1408,346,43402.5,1761124850885
1408,346,43483.899999991,1761124850966
1408,346,43558.699999988,1761124851041
1408,346,43639.099999994,1761124851122
1408,346,43721.299999997,1761124851204
1408,346,43804,1761124851287
1408,346,43887.5,1761124851370
1408,346,43968.299999997,1761124851451
1408,346,44049.099999994,1761124851532
1408,346,44131.299999997,1761124851614
1408,346,44216.799999997,1761124851699
1408,346,44288.899999991,1761124851771
1408,346,44366.599999994,1761124851849
1408,346,44439.199999988,1761124851922
1408,346,44517.799999997,1761124852000
1408,346,44584.699999988,1761124852067
1408,346,44670.099999994,1761124852153
1408,346,44752.599999994,1761124852235
1408,346,44833.699999988,1761124852316
1408,346,44923.899999991,1761124852406
1408,346,44996,1761124852479
1408,346,45069.599999994,1761124852552
1408,346,45151.799999997,1761124852634
1408,346,45220.099999994,1761124852703
1408,346,45325.799999997,1761124852808
1408,346,45399.899999991,1761124852883
1408,346,45484,1761124852967
1408,346,45552.399999991,1761124853035
1408,346,45636.5,1761124853119
1408,346,45715.5,1761124853198
1408,346,45785.5,1761124853268
1408,346,45866.799999997,1761124853349
1408,346,45949.399999991,1761124853432
1408,346,46034,1761124853517
1408,346,46121.099999994,1761124853604
1408,346,46199.799999997,1761124853682
1408,346,46270.599999994,1761124853753
1408,346,46348.199999988,1761124853831
1408,346,46420,1761124853903
1408,346,46500.5,1761124853983
1408,346,46569.199999988,1761124854052
1408,346,46658.599999994,1761124854141
1408,346,46733.599999994,1761124854216
1408,346,46807.899999991,1761124854290
1408,346,46883,1761124854366
1408,346,46952.799999997,1761124854435
1408,346,47033.199999988,1761124854516
1408,346,47118.299999997,1761124854601
1408,346,47194.5,1761124854677
1408,346,47266.799999997,1761124854749
1408,346,47360.899999991,1761124854843
1408,346,47433.899999991,1761124854916
1408,346,47522.899999991,1761124855005
1408,346,47603.799999997,1761124855086
1408,346,47683.599999994,1761124855166
1408,346,47754.099999994,1761124855237
1408,346,47834.099999994,1761124855317
1408,346,47920.299999997,1761124855403
1408,346,48004.399999991,1761124855487
1408,346,48082.699999988,1761124855565
1408,346,48178.799999997,1761124855661
1408,346,48254.299999997,1761124855737
1408,346,48333,1761124855816
1408,346,48407.5,1761124855890
1408,346,48482.599999994,1761124855965
1408,346,48553.099999994,1761124856036
1408,346,48637.299999997,1761124856120
1408,346,48721.5,1761124856204
1408,346,48801,1761124856284
1408,346,48880.099999994,1761124856363
1408,346,48954.5,1761124856437
1408,346,49036,1761124856519
1408,346,49118.699999988,1761124856601
1408,346,49199.5,1761124856682
1408,346,49287.199999988,1761124856770
1408,346,49371.899999991,1761124856854
1408,346,49452.399999991,1761124856935
1408,346,49534.199999988,1761124857017
1408,346,49619.199999988,1761124857102
1408,346,49709.5,1761124857192
1408,346,49784.399999991,1761124857267
1408,346,49880,1761124857363
1408,346,49957.199999988,1761124857440
1354,385,50037.899999991,1761124857520
1302,399,50117.299999997,1761124857600
1222,411,50195.099999994,1761124857678
1134,421,50288.599999994,1761124857771
999,432,50378.399999991,1761124857861
963,433,50468.599999994,1761124857951
895,439,50555.899999991,1761124858038
879,441,50638.699999988,1761124858121
877,441,50726.199999988,1761124858209
859,445,50817.5,1761124858300
858,445,50907.699999988,1761124858390
858,447,50995,1761124858478
858,447,51078.5,1761124858561
858,450,51167.899999991,1761124858650
858,468,51256.399999991,1761124858739
865,483,51342.5,1761124858825
871,493,51433.699999988,1761124858916
871,493,51517.699999988,1761124859000
873,498,51603.899999991,1761124859086
874,499,51690,1761124859173
874,499,51772.799999997,1761124859255
874,499,51851.899999991,1761124859334
877,499,51939.699999988,1761124859422
882,499,52026.699999988,1761124859509
894,499,52114.699999988,1761124859597
900,498,52202,1761124859685
915,495,52300.599999994,1761124859783
930,490,52386.899999991,1761124859869
930,490,52465.299999997,1761124859948
930,490,52555.299999997,1761124860038
930,490,52640,1761124860123
930,490,52719,1761124860202
930,490,52798.899999991,1761124860281
930,490,52877.899999991,1761124860360
930,490,52952.799999997,1761124860435
930,490,53041.299999997,1761124860524
930,490,53138.399999991,1761124860621
930,490,53222.199999988,1761124860705
930,490,53323.599999994,1761124860806
930,490,53419.099999994,1761124860902
930,490,53527.299999997,1761124861010
930,490,53621.799999997,1761124861104
930,490,53724.099999994,1761124861207
930,490,53818.799999997,1761124861301
930,490,53918.899999991,1761124861401
930,490,54018.699999988,1761124861501
930,490,54117.099999994,1761124861600
930,490,54198.199999988,1761124861681
930,490,54281.199999988,1761124861764
930,490,54385.399999991,1761124861868
930,490,54481.299999997,1761124861964
930,490,54582.199999988,1761124862065
930,490,54670.899999991,1761124862153
930,490,54747.399999991,1761124862230
930,490,54819.199999988,1761124862302
930,490,54896.799999997,1761124862379
930,490,54969.899999991,1761124862452
930,490,55039.099999994,1761124862522
930,490,55119.099999994,1761124862602
930,490,55188.799999997,1761124862671
930,490,55260.299999997,1761124862743
930,490,55333.099999994,1761124862816
930,490,55416.099999994,1761124862899
930,490,55500.299999997,1761124862983
930,490,55582.5,1761124863065
930,490,55670.099999994,1761124863153
930,490,55750.299999997,1761124863233
930,490,55834.199999988,1761124863317
930,490,55914.699999988,1761124863397
930,490,56002.299999997,1761124863485
930,490,56088.399999991,1761124863571
930,490,56167.5,1761124863650
930,490,56243.699999988,1761124863726
930,490,56317.199999988,1761124863800
930,490,56387.099999994,1761124863870
930,490,56456.799999997,1761124863939
930,490,56528.899999991,1761124864011
930,490,56605.799999997,1761124864088
930,490,56679.699999988,1761124864162
930,490,56755.199999988,1761124864238
930,490,56833.399999991,1761124864316
930,490,56906.699999988,1761124864389
930,490,56976.5,1761124864459
930,490,57049.799999997,1761124864532
930,490,57125.099999994,1761124864608
930,490,57197.099999994,1761124864680
930,490,57267.199999988,1761124864750
930,490,57334.299999997,1761124864817
930,490,57431.699999988,1761124864914
930,490,57518.399999991,1761124865001
930,490,57600.099999994,1761124865083
930,490,57687.599999994,1761124865170
930,490,57772.799999997,1761124865255
930,490,57849.399999991,1761124865332
930,490,57933.299999997,1761124865416
930,490,58018.099999994,1761124865501
930,547,58096.399999991,1761124865579
930,547,58168.399999991,1761124865651
930,547,58239.899999991,1761124865722
930,547,58312,1761124865795
930,547,58384.599999994,1761124865867
930,547,58468.599999994,1761124865951
930,547,58551.299999997,1761124866034
930,547,58636.199999988,1761124866119
930,547,58719.5,1761124866202
930,547,58802.299999997,1761124866285
930,547,58886.299999997,1761124866369
930,547,58968.199999988,1761124866451
930,547,59040.599999994,1761124866523
930,547,59113,1761124866596
930,547,59198,1761124866681
930,547,59278.199999988,1761124866761
930,547,59350.599999994,1761124866833
930,547,59436.199999988,1761124866919
930,547,59520.199999988,1761124867003
930,547,59602.699999988,1761124867085
930,547,59682.399999991,1761124867165
930,547,59755.299999997,1761124867238
930,547,59829.699999988,1761124867312
930,547,59918.5,1761124867401
930,547,60000.799999997,1761124867483
930,547,60084.299999997,1761124867567
930,547,60168.399999991,1761124867651
930,547,60245.299999997,1761124867728
930,547,60333.799999997,1761124867816
930,547,60403.599999994,1761124867886
930,547,60479.599999994,1761124867962
930,547,60552.699999988,1761124868035
930,547,60630.299999997,1761124868113
930,547,60718.399999991,1761124868201
930,547,60798.299999997,1761124868281
930,547,60868.199999988,1761124868351
930,547,60947.299999997,1761124868430
930,547,61022.699999988,1761124868505
930,547,61099.399999991,1761124868582
930,547,61167.199999988,1761124868650
930,547,61263.099999994,1761124868746
930,547,61333,1761124868816
930,547,61424.699999988,1761124868907
930,547,61503.299999997,1761124868986
930,547,61586.899999991,1761124869069
930,547,61669.399999991,1761124869152
930,547,61749.899999991,1761124869232
930,547,61837,1761124869319
930,547,61914.699999988,1761124869397
930,547,61988.099999994,1761124869471
930,547,62065.899999991,1761124869548
930,547,62137.599999994,1761124869620
930,547,62216.399999991,1761124869699
930,547,62285.099999994,1761124869768
930,547,62366.899999991,1761124869850
930,547,62433.899999991,1761124869917
930,547,62517.399999991,1761124870000
930,547,62595.199999988,1761124870078
930,547,62667.5,1761124870150
930,547,62739.299999997,1761124870222
930,547,62828.299999997,1761124870311
930,547,62917,1761124870400
930,547,63019.5,1761124870502
930,547,63116.799999997,1761124870599
930,547,63198.899999991,1761124870681
930,547,63283.899999991,1761124870767
930,547,63384.299999997,1761124870867
930,547,63483.099999994,1761124870966
930,547,63561.199999988,1761124871044
930,547,63651.599999994,1761124871134
930,547,63748.599999994,1761124871231
930,547,63850.199999988,1761124871333
930,547,63932.199999988,1761124871415
930,547,64016.099999994,1761124871499
930,547,64100.399999991,1761124871583
930,547,64181.399999991,1761124871664
930,547,64264,1761124871747
930,547,64363.899999991,1761124871846
930,547,64467.599999994,1761124871950
930,547,64564.399999991,1761124872047
930,547,64649.699999988,1761124872132
930,547,64747.699999988,1761124872230
930,547,64850.5,1761124872333
930,547,64931.899999991,1761124872414
930,547,65017.899999991,1761124872501
930,547,65124.399999991,1761124872607
930,547,65225.099999994,1761124872708
930,547,65324.5,1761124872807
930,547,65421.599999994,1761124872904
930,547,65529.199999988,1761124873012
930,547,65600.099999994,1761124873083
930,547,65680.299999997,1761124873163
930,547,65753.599999994,1761124873236
930,547,65838.699999988,1761124873321
930,547,65917.799999997,1761124873400
930,547,65994.299999997,1761124873477
930,547,66066,1761124873549
930,547,66147.899999991,1761124873630
930,547,66232.899999991,1761124873716
930,547,66302.699999988,1761124873785
930,540,66381.899999991,1761124873864
931,529,66479.899999991,1761124873963
933,525,66564.599999994,1761124874047
933,525,66639.599999994,1761124874122
933,525,66723.899999991,1761124874206
933,525,66802.099999994,1761124874285
933,525,66882.599999994,1761124874365
933,525,66972.099999994,1761124874455
933,525,67068,1761124874551
933,525,67170.199999988,1761124874653
933,525,67272.899999991,1761124874755
933,525,67354.799999997,1761124874837
933,525,67426.299999997,1761124874909
933,525,67500.799999997,1761124874983
933,525,67584.5,1761124875067
933,525,67664.899999991,1761124875147
933,525,67748.599999994,1761124875231
933,525,67837.699999988,1761124875320
933,525,67917,1761124875400
933,525,68001.299999997,1761124875484
933,525,68083.599999994,1761124875566
933,525,68167.399999991,1761124875650
933,525,68246.799999997,1761124875729
933,525,68335.299999997,1761124875818
933,525,68411,1761124875894
933,525,68503.099999994,1761124875986
933,525,68587.199999988,1761124876070
933,525,68661.599999994,1761124876144
933,525,68748.099999994,1761124876231
933,525,68834.899999991,1761124876317
933,534,68908.699999988,1761124876391
933,534,68980.299999997,1761124876463
933,534,69050.699999988,1761124876533
933,534,69123.5,1761124876606
933,534,69200.5,1761124876683
933,534,69272.199999988,1761124876755
927,534,69400,1761124876883
904,538,69482.299999997,1761124876965
888,543,69567.299999997,1761124877050
888,543,69641.399999991,1761124877124
888,543,69720.299999997,1761124877203
888,543,69806.599999994,1761124877289
888,543,69890,1761124877373
888,543,69973.399999991,1761124877456
888,543,70056.399999991,1761124877539
888,543,70137.099999994,1761124877620
888,543,70217.099999994,1761124877700
888,543,70291.299999997,1761124877774
888,543,70366.099999994,1761124877849
888,543,70471.199999988,1761124877954
888,543,70539.099999994,1761124878022
888,543,70612.699999988,1761124878095
888,543,70696.199999988,1761124878179
888,543,70781.5,1761124878264
888,543,70850.899999991,1761124878334
888,543,70929.899999991,1761124878412
888,543,71017.299999997,1761124878500
888,543,71099.299999997,1761124878582
888,543,71166.399999991,1761124878649
888,543,71252,1761124878735
888,543,71334.899999991,1761124878817
888,543,71416.299999997,1761124878899
888,543,71504,1761124878987
888,543,71586,1761124879069
888,543,71659.099999994,1761124879142
888,543,71727.099999994,1761124879210
888,543,71799.099999994,1761124879282
888,543,71872.5,1761124879355
888,543,71948.5,1761124879431
888,543,72017.5,1761124879500
888,543,72099.299999997,1761124879582
888,543,72184.699999988,1761124879667
888,543,72266.899999991,1761124879750
888,543,72351,1761124879834
888,543,72422.899999991,1761124879905
888,543,72499.299999997,1761124879982
888,543,72582.699999988,1761124880065
888,543,72650.699999988,1761124880133
888,543,72729.899999991,1761124880212
888,543,72816.699999988,1761124880299
888,543,72886,1761124880369
888,543,72967.199999988,1761124880450
888,543,73049.599999994,1761124880532
888,543,73140.399999991,1761124880623
888,543,73234.599999994,1761124880717
888,543,73303.599999994,1761124880786
888,543,73382.799999997,1761124880865
888,543,73460.299999997,1761124880943
888,543,73533.699999988,1761124881016
888,543,73621.799999997,1761124881104
888,543,73700.5,1761124881183
888,543,73783.299999997,1761124881266
888,543,73865.599999994,1761124881348
888,543,73950.799999997,1761124881433
888,543,74029.199999988,1761124881512
888,543,74098.5,1761124881581
888,543,74192.5,1761124881675
888,543,74262.5,1761124881745
888,543,74349.399999991,1761124881832
888,543,74423.299999997,1761124881906
888,543,74500.199999988,1761124881983
888,543,74577.399999991,1761124882060
888,543,74649.899999991,1761124882132
888,543,74733.5,1761124882216
888,543,74823.899999991,1761124882306
888,543,74896.299999997,1761124882379
888,543,74968.399999991,1761124882451
888,543,75050.899999991,1761124882533
888,543,75133.299999997,1761124882616
888,543,75218.299999997,1761124882701
888,543,75301,1761124882784
888,543,75381.599999994,1761124882864
888,543,75452.599999994,1761124882935
888,543,75536.399999991,1761124883019
888,543,75616,1761124883099
888,543,75702.299999997,1761124883185
888,543,75779.799999997,1761124883262
888,543,75872.299999997,1761124883355
888,543,75948.5,1761124883431
888,543,76018.399999991,1761124883501
888,543,76100,1761124883583
888,543,76177.099999994,1761124883660
888,543,76251.899999991,1761124883734
888,543,76331.699999988,1761124883814
888,543,76401.399999991,1761124883884
888,543,76488.299999997,1761124883971
888,543,76561.099999994,1761124884044
888,543,76633.799999997,1761124884116
888,543,76714.699999988,1761124884197
888,543,76784.899999991,1761124884267
888,543,76867.199999988,1761124884350
888,543,76950,1761124884433
888,543,77020.899999991,1761124884503
888,543,77100.199999988,1761124884583
888,543,77199.199999988,1761124884682
888,543,77276.199999988,1761124884759
888,543,77348.399999991,1761124884831
888,543,77433.899999991,1761124884916
888,543,77519.399999991,1761124885002
888,543,77600.299999997,1761124885083
888,543,77677.699999988,1761124885160
888,543,77751.599999994,1761124885234
888,543,77830.5,1761124885313
888,543,77898.799999997,1761124885381
888,543,77968,1761124885451
888,543,78076.5,1761124885559
888,543,78161.799999997,1761124885644
888,543,78232.599999994,1761124885715
888,543,78303.799999997,1761124885786
888,543,78381.099999994,1761124885864
888,543,78452.599999994,1761124885935
888,543,78536,1761124886019
888,543,78623.699999988,1761124886106
888,543,78698.799999997,1761124886181
888,543,78770.5,1761124886253
888,543,78847.099999994,1761124886330
888,543,78932.699999988,1761124886415
888,543,79001.599999994,1761124886484
888,543,79109.599999994,1761124886592
888,543,79192.299999997,1761124886675
888,543,79272.799999997,1761124886755
888,543,79358.899999991,1761124886841
888,543,79425.599999994,1761124886908
888,543,79502.099999994,1761124886985
888,543,79585.399999991,1761124887068
888,543,79668.799999997,1761124887151
888,543,79746.799999997,1761124887229
888,543,79814.5,1761124887297
888,543,79897.799999997,1761124887380
888,543,79972.599999994,1761124887455
888,543,80050.799999997,1761124887533
888,543,80129.399999991,1761124887612
888,543,80226.299999997,1761124887709
888,543,80298.599999994,1761124887781
888,543,80379.399999991,1761124887862
888,543,80448.099999994,1761124887931
888,543,80533.399999991,1761124888016
888,543,80618.399999991,1761124888101
888,543,80701.899999991,1761124888184
888,543,80779.5,1761124888262
888,543,80852.799999997,1761124888335
888,543,80928.5,1761124888411
888,543,81014.699999988,1761124888497
888,543,81084.699999988,1761124888567
888,543,81179,1761124888662
888,543,81248.899999991,1761124888731
888,543,81337.099999994,1761124888820
888,543,81415.199999988,1761124888898
888,543,81485.599999994,1761124888968
888,543,81565.599999994,1761124889048
888,543,81635.199999988,1761124889118
888,543,81714.899999991,1761124889197
888,543,81798.699999988,1761124889281
888,543,81887.399999991,1761124889370
888,543,81967.199999988,1761124889450
888,543,82039.5,1761124889522
888,543,82114.099999994,1761124889597
888,543,82183.399999991,1761124889666
888,543,82261.299999997,1761124889744
888,543,82349.799999997,1761124889832
888,543,82431.899999991,1761124889915
888,543,82504.699999988,1761124889987
888,543,82586.699999988,1761124890069
888,543,82672.599999994,1761124890155
888,543,82747.199999988,1761124890230
888,543,82821.699999988,1761124890304
888,543,82898.399999991,1761124890381
888,543,82971.899999991,1761124890454
888,543,83048.899999991,1761124890531
888,543,83119.199999988,1761124890602
888,543,83198.699999988,1761124890681
888,543,83272.599999994,1761124890755
888,543,83350.199999988,1761124890833
888,543,83431.199999988,1761124890914
888,543,83503.5,1761124890986
888,543,83583.199999988,1761124891066
888,543,83658,1761124891140
888,543,83733.5,1761124891216
888,543,83816.699999988,1761124891299
888,543,83886.5,1761124891369
888,543,83972.699999988,1761124891455
888,543,84051.299999997,1761124891534
888,543,84133.099999994,1761124891616
888,543,84228,1761124891711
888,543,84298.299999997,1761124891781
888,543,84387,1761124891869
888,543,84465.799999997,1761124891948
888,543,84547.599999994,1761124892030
888,543,84631.199999988,1761124892114
888,543,84703.699999988,1761124892186
888,543,84780.299999997,1761124892263
888,543,84855.099999994,1761124892338
888,543,84929.299999997,1761124892412
888,543,85000.699999988,1761124892483
888,543,85118.099999994,1761124892601
888,543,85198.699999988,1761124892681
888,543,85266.799999997,1761124892749
888,543,85340.899999991,1761124892823
888,543,85435,1761124892918
888,543,85536.5,1761124893019
888,543,85611.799999997,1761124893094
888,543,85687.099999994,1761124893170
888,543,85767.299999997,1761124893250
888,543,85851,1761124893334
888,543,85931.599999994,1761124893414
888,543,85998.799999997,1761124893481
888,543,86081.399999991,1761124893564
888,543,86153.399999991,1761124893636
888,543,86231.899999991,1761124893714
888,543,86314.799999997,1761124893797
888,543,86387,1761124893870
888,543,86469.699999988,1761124893952
888,543,86551.799999997,1761124894034
888,543,86633.299999997,1761124894116
888,543,86715.699999988,1761124894198
888,543,86798.899999991,1761124894281
888,543,86871.799999997,1761124894354
888,543,86944.5,1761124894427
888,543,87016.699999988,1761124894499
888,543,87106.5,1761124894589
888,543,87182.5,1761124894665
888,543,87250,1761124894733
888,543,87333.299999997,1761124894816
888,543,87416.899999991,1761124894899
888,543,87497.899999991,1761124894980
888,543,87573,1761124895056
888,543,87656.899999991,1761124895139
888,543,87731.599999994,1761124895214
888,543,87815.299999997,1761124895298
888,543,87883,1761124895366
888,543,87966.699999988,1761124895449
888,543,88045.199999988,1761124895528
888,543,88119.599999994,1761124895602
888,543,88197.199999988,1761124895680
888,543,88278.199999988,1761124895761
888,543,88366.599999994,1761124895849
888,543,88452.5,1761124895935
888,543,88529.699999988,1761124896012
888,543,88614.199999988,1761124896097
888,543,88686.799999997,1761124896169
888,543,88765.5,1761124896248
888,543,88846.799999997,1761124896329
888,543,88933.599999994,1761124896416
888,543,89005.799999997,1761124896488
888,543,89083.399999991,1761124896566
888,543,89171.599999994,1761124896654
888,543,89252.399999991,1761124896735
888,543,89333,1761124896816
888,543,89429.399999991,1761124896912
888,543,89499.799999997,1761124896982
888,543,89580.299999997,1761124897063
888,543,89670.299999997,1761124897153
888,543,89749.799999997,1761124897232
888,543,89833.599999994,1761124897316
888,543,89920.099999994,1761124897403
888,543,90006.299999997,1761124897489
888,543,90081.699999988,1761124897564
888,543,90171.599999994,1761124897654
888,543,90252.5,1761124897735
888,543,90331.299999997,1761124897814
888,543,90423.799999997,1761124897906
888,543,90491.399999991,1761124897974
888,543,90562.699999988,1761124898045
888,543,90631.599999994,1761124898114
912,534,90734,1761124898217
1108,453,90813.699999988,1761124898296
1219,414,90892.099999994,1761124898375
1314,384,90985.899999991,1761124898468
1314,384,91069.199999988,1761124898552
1314,384,91154.799999997,1761124898637
1314,384,91236.799999997,1761124898719
1314,384,91312.5,1761124898795
1314,384,91388.899999991,1761124898871
1314,384,91471.699999988,1761124898954
1314,384,91559.5,1761124899042
1314,384,91637.899999991,1761124899121
1314,384,91724.299999997,1761124899207
1314,384,91801.799999997,1761124899284
1314,384,91873.199999988,1761124899356
1314,384,91949.599999994,1761124899432
1314,384,92021.5,1761124899504
1314,384,92097.699999988,1761124899580
1314,384,92170.599999994,1761124899653
1314,384,92250.099999994,1761124899733
1314,384,92331.899999991,1761124899815
1314,384,92416.599999994,1761124899899
1314,384,92502.399999991,1761124899985
1314,384,92581.699999988,1761124900064
1314,384,92669,1761124900152
1314,384,92749.699999988,1761124900232
1314,384,92832.799999997,1761124900315
1314,384,92913,1761124900396
1314,384,92999.899999991,1761124900483
1314,384,93086.899999991,1761124900569
1314,384,93164.5,1761124900647
1314,384,93232.899999991,1761124900715
1314,384,93314,1761124900797
1314,384,93411.399999991,1761124900894
1314,384,93480.699999988,1761124900963
1314,384,93569.399999991,1761124901052
1314,384,93648.5,1761124901131
1314,384,93731.299999997,1761124901214
1314,384,93804,1761124901287
1314,384,93882,1761124901365
1314,384,93967.799999997,1761124901450
1314,384,94050.099999994,1761124901533
1314,384,94131.599999994,1761124901614
1314,384,94216.399999991,1761124901699
1314,384,94298.5,1761124901781
1314,384,94382.899999991,1761124901866
1314,384,94466.5,1761124901949
1314,384,94549.5,1761124902032
1314,384,94625,1761124902108
1314,384,94697.299999997,1761124902180
1314,384,94779.899999991,1761124902262
1314,384,94865.299999997,1761124902348
1314,384,94947.399999991,1761124902430
1314,384,95034.299999997,1761124902517
1314,384,95121,1761124902603
1314,384,95201.799999997,1761124902684
1314,384,95293.399999991,1761124902776
1314,384,95362.799999997,1761124902845
1314,384,95436.5,1761124902919
1314,384,95519.5,1761124903002
1314,384,95602.5,1761124903085
1314,384,95682.899999991,1761124903165
1314,384,95758.699999988,1761124903241
1314,384,95832.5,1761124903315
1314,384,95914.5,1761124903397
1314,384,95996.299999997,1761124903479
1314,384,96067.099999994,1761124903550
1314,384,96148,1761124903631
1314,384,96225.199999988,1761124903708
1314,384,96294.699999988,1761124903777
1314,384,96361.5,1761124903844
1314,384,96457.099999994,1761124903940
1314,384,96535.199999988,1761124904018
1314,384,96609.899999991,1761124904092
1314,384,96682.399999991,1761124904165
1314,384,96752,1761124904235
1314,384,96823.399999991,1761124904306
1314,384,96915.299999997,1761124904398
1314,384,96994.199999988,1761124904477
1314,384,97072.799999997,1761124904555
1314,384,97164,1761124904647
1314,384,97234,1761124904717
1314,384,97322.699999988,1761124904805
1314,384,97401.799999997,1761124904884
1314,384,97479.399999991,1761124904962
1314,384,97567.199999988,1761124905050
1314,384,97649.599999994,1761124905132
1314,384,97729.699999988,1761124905212
1314,384,97797.5,1761124905280
1314,384,97881.5,1761124905364
1314,384,97967.199999988,1761124905450
1314,384,98047.399999991,1761124905530
1314,384,98118,1761124905601
1314,384,98199.399999991,1761124905682
1314,384,98278.899999991,1761124905761
1314,384,98370.899999991,1761124905853
1314,384,98453.199999988,1761124905936
1314,384,98531.899999991,1761124906014
1314,384,98616.099999994,1761124906099
1314,384,98702.5,1761124906185
1314,384,98789,1761124906272
1314,384,98866.299999997,1761124906349
1314,384,98957,1761124906440
1314,384,99030.599999994,1761124906513
1314,384,99102.099999994,1761124906585
1314,384,99181.5,1761124906664
1314,384,99250.599999994,1761124906733
1314,384,99332.099999994,1761124906815
1314,384,99427.099999994,1761124906910
1314,384,99506.799999997,1761124906989
1314,384,99584.299999997,1761124907067
1314,384,99668.799999997,1761124907151
1314,384,99748,1761124907230
1314,384,99834.799999997,1761124907317
1314,384,99915.599999994,1761124907398
1314,384,100002.3,1761124907485
1314,384,100082.3,1761124907565
1314,384,100153,1761124907636
1314,384,100233.8,1761124907716
1314,384,100314.09999999,1761124907797
1314,384,100397.3,1761124907880
1314,384,100467,1761124907950
1314,384,100547.69999999,1761124908030
1314,384,100616.19999999,1761124908099
1314,384,100699.09999999,1761124908182
1314,384,100782,1761124908265
1314,384,100849.89999999,1761124908332
1314,384,100943.5,1761124908426
1314,384,101016.8,1761124908499
1314,384,101101,1761124908584
1314,384,101181.3,1761124908664
1314,384,101248.69999999,1761124908731
1314,384,101331.19999999,1761124908814
1314,384,101415.59999999,1761124908898
1314,384,101483.19999999,1761124908966
1314,384,101566.3,1761124909049
1314,384,101648.59999999,1761124909131
1314,384,101721.8,1761124909204
1314,384,101797.19999999,1761124909280
1314,384,101868.59999999,1761124909351
1314,384,101951.89999999,1761124909434
1314,384,102035.3,1761124909518
1314,384,102120.19999999,1761124909603
1314,384,102198.3,1761124909681
1314,384,102280.59999999,1761124909763
1314,384,102367.69999999,1761124909850
1314,384,102453.8,1761124909936
1314,384,102530,1761124910013
1314,384,102603.59999999,1761124910086
1314,384,102681.39999999,1761124910164
1314,384,102772.59999999,1761124910255
1314,384,102844.8,1761124910327
1314,384,102916.8,1761124910399
1314,384,102994.39999999,1761124910477
1314,384,103083.69999999,1761124910566
1314,384,103170,1761124910653
1314,384,103244.89999999,1761124910728
1314,384,103321.69999999,1761124910804
1314,384,103394,1761124910877
1314,384,103464.59999999,1761124910947
1314,384,103547.8,1761124911030
1314,384,103619.59999999,1761124911102
1314,384,103699.09999999,1761124911182
1314,384,103782.09999999,1761124911265
1314,384,103850.89999999,1761124911334
1314,384,103932.19999999,1761124911415
1314,384,104014.8,1761124911497
1314,384,104083.8,1761124911566
1314,384,104170.3,1761124911653
1314,384,104245.09999999,1761124911728
1314,384,104315.89999999,1761124911798
1314,384,104397.89999999,1761124911880
1314,384,104491.09999999,1761124911974
1314,384,104565.59999999,1761124912048
1314,384,104650.09999999,1761124912133
1314,384,104743.5,1761124912226
1314,384,104815.3,1761124912298
1314,384,104897.59999999,1761124912380
1314,384,104989.09999999,1761124912472
1314,384,105066.69999999,1761124912549
1314,384,105148.19999999,1761124912631
1314,384,105216.39999999,1761124912699
1314,384,105297.59999999,1761124912780
1314,384,105379,1761124912861
1314,384,105453.89999999,1761124912936
1314,384,105538.09999999,1761124913021
1314,384,105613.19999999,1761124913096
1314,384,105693.69999999,1761124913176
1314,384,105766.5,1761124913249
1314,384,105843.89999999,1761124913327
1314,384,105931,1761124913414
1314,384,106014,1761124913497
1314,384,106087.5,1761124913570
1314,384,106163.5,1761124913646
1314,384,106235.69999999,1761124913718
1314,384,106321.89999999,1761124913804
1314,384,106397.89999999,1761124913880
1314,384,106465.3,1761124913948
1314,384,106551,1761124914034
1314,384,106634.39999999,1761124914117
1314,384,106718.09999999,1761124914201
1314,384,106799.8,1761124914282
1314,384,106879.5,1761124914362
1314,384,106948.19999999,1761124914431
1314,384,107031.8,1761124914514
1314,384,107114.69999999,1761124914597
1314,384,107200.5,1761124914683
1314,384,107280.5,1761124914763
1314,384,107351.5,1761124914834
1314,384,107435.09999999,1761124914918
1314,384,107518.09999999,1761124915001
1314,384,107595.5,1761124915078
1314,384,107688.19999999,1761124915171
1314,384,107764.8,1761124915247
1314,384,107851.39999999,1761124915334
1314,384,107935.59999999,1761124915418
1314,384,108016.09999999,1761124915499
1314,384,108101.5,1761124915584
1314,384,108185.19999999,1761124915668
1314,384,108264.69999999,1761124915747
1314,384,108333.69999999,1761124915816
1314,384,108413.3,1761124915896
1314,384,108496,1761124915979
1314,384,108580.69999999,1761124916063
1314,384,108669.09999999,1761124916152
1314,384,108753.19999999,1761124916236
1314,384,108830.69999999,1761124916313
1314,384,108914.39999999,1761124916397
1314,384,108998,1761124916481
1314,384,109076.5,1761124916559
1314,384,109164.89999999,1761124916647
1314,384,109237,1761124916720
1314,384,109316.69999999,1761124916799
1314,384,109399.5,1761124916882
1314,384,109466.69999999,1761124916949
1314,384,109547.89999999,1761124917031
1314,384,109632.8,1761124917115
1314,384,109717.69999999,1761124917200
1314,384,109796.19999999,1761124917279
1314,384,109889.69999999,1761124917372
1314,384,109962.39999999,1761124917445
1314,384,110033.3,1761124917516
1314,384,110117.39999999,1761124917600
1314,384,110197.3,1761124917680
1314,384,110279.69999999,1761124917762
1314,384,110363.5,1761124917846
1314,384,110433.8,1761124917916
1314,384,110514,1761124917997
1314,384,110584.89999999,1761124918068
1314,384,110665.5,1761124918148
1314,384,110747.09999999,1761124918230
1314,384,110821.39999999,1761124918304
1314,384,110896.89999999,1761124918379
1314,384,110969.09999999,1761124918452
1314,384,111048.8,1761124918531
1314,384,111130,1761124918613
1314,384,111197.59999999,1761124918680
1314,384,111280.09999999,1761124918763
1314,384,111365,1761124918848
1314,384,111442.59999999,1761124918925
1314,384,111516.5,1761124918999
1314,384,111600.09999999,1761124919083
1314,384,111682.3,1761124919165
1314,384,111762.89999999,1761124919245
1314,384,111832.8,1761124919315
1314,384,111916.39999999,1761124919399
1314,384,111996.09999999,1761124919479
1314,384,112068.39999999,1761124919551
1314,384,112156.59999999,1761124919639
1314,384,112237.69999999,1761124919720
1314,384,112310.09999999,1761124919793
1314,384,112410.59999999,1761124919893
1314,384,112507.09999999,1761124919990
1314,384,112584.09999999,1761124920067
1314,384,112656.89999999,1761124920140
1314,384,112731.69999999,1761124920214
1314,384,112821.89999999,1761124920304
1314,384,112896.19999999,1761124920379
1314,384,112968.69999999,1761124920451
1314,384,113050.69999999,1761124920533
1314,384,113130.3,1761124920613
1314,384,113203.19999999,1761124920686
1314,384,113280.59999999,1761124920763
1314,384,113351.89999999,1761124920834
1314,384,113431.39999999,1761124920914
1314,384,113511.69999999,1761124920994
1314,384,113598.39999999,1761124921081
1314,384,113666.39999999,1761124921149
1314,384,113746.59999999,1761124921229
1314,384,113815.69999999,1761124921298
1314,384,113897.59999999,1761124921380
1314,384,113984.59999999,1761124921467
1314,384,114065.19999999,1761124921548
1314,384,114143.8,1761124921626
1314,384,114215.5,1761124921698
1314,384,114303.69999999,1761124921786
1314,384,114381.69999999,1761124921864
1314,384,114451.3,1761124921934
1314,384,114531.39999999,1761124922014
1314,384,114610.5,1761124922093
1314,384,114682.59999999,1761124922165
1314,384,114766.59999999,1761124922249
1314,384,114847.89999999,1761124922330
1314,384,114938.09999999,1761124922421
1314,384,115021.19999999,1761124922504
1314,384,115096.09999999,1761124922579
1314,384,115167.39999999,1761124922650
1314,384,115246,1761124922729
1314,384,115316.09999999,1761124922799
1314,384,115394.69999999,1761124922877
1314,384,115464.89999999,1761124922948
1314,384,115552.8,1761124923035
1314,384,115636.09999999,1761124923119
1314,384,115713.3,1761124923196
1314,384,115781,1761124923264
1314,384,115863.3,1761124923346
1314,384,115936.59999999,1761124923419
1314,384,116019.19999999,1761124923502
1314,384,116094.69999999,1761124923577
1314,384,116165.09999999,1761124923648
1314,384,116249,1761124923732
1314,384,116332,1761124923815
1314,384,116419.59999999,1761124923902
1314,384,116513.8,1761124923996
1314,384,116583.19999999,1761124924066
1314,384,116669.3,1761124924152
1314,384,116747.5,1761124924230
1314,384,116820.3,1761124924303
1314,384,116897.5,1761124924380
1314,384,116980.19999999,1761124924463
1314,384,117050.8,1761124924533
1314,384,117130.89999999,1761124924613
1314,384,117202.3,1761124924685
1314,384,117281.09999999,1761124924764
1314,384,117361.09999999,1761124924844
1314,384,117434.39999999,1761124924917
1314,384,117513.89999999,1761124924997
1314,384,117581.09999999,1761124925064
1314,384,117664.69999999,1761124925147
1314,384,117748.19999999,1761124925231
1314,384,117815.69999999,1761124925298
1314,384,117901.59999999,1761124925384
1314,384,117968.5,1761124925451
1314,384,118044.5,1761124925527
1314,384,118137.89999999,1761124925621
1314,384,118213.09999999,1761124925696
1314,384,118284.09999999,1761124925767
1314,384,118362.39999999,1761124925845
1314,384,118440.89999999,1761124925923
1314,384,118515.19999999,1761124925998
1314,384,118582.3,1761124926065
1314,384,118666.59999999,1761124926149
1314,384,118753.3,1761124926236
1314,384,118836.69999999,1761124926319
1314,384,118916.69999999,1761124926399
1314,384,119005.5,1761124926488
1314,384,119081.89999999,1761124926564
1314,384,119167.39999999,1761124926650
1314,384,119252.3,1761124926735
1314,384,119330,1761124926813
1314,384,119419.19999999,1761124926902
1314,384,119497.59999999,1761124926980
1314,384,119586.8,1761124927069
1314,384,119665.09999999,1761124927148
1314,384,119747.5,1761124927230
1314,384,119834.09999999,1761124927317
1314,384,119920.3,1761124927403
1314,384,119997.09999999,1761124927480
1314,384,120071.39999999,1761124927554
1314,384,120157.8,1761124927640
1314,384,120235.89999999,1761124927719
1314,384,120306,1761124927789
1314,384,120401.8,1761124927884
1314,384,120503.39999999,1761124927986
1314,384,120573,1761124928055
1314,384,120651.69999999,1761124928134
1314,384,120737.19999999,1761124928220
1314,384,120849.19999999,1761124928332
1314,384,120923,1761124928406
1314,384,121018.89999999,1761124928502
1314,384,121125.39999999,1761124928608
1305,409,121203.39999999,1761124928686
1303,415,121282.09999999,1761124928765
1302,430,121378.39999999,1761124928861
1287,453,121457.09999999,1761124928940
1279,457,121540.8,1761124929023
1267,465,121627.8,1761124929110
1252,472,121710.69999999,1761124929193
1212,480,121800.69999999,1761124929283
1159,483,121888.89999999,1761124929371
1125,483,121982.59999999,1761124929465
1054,483,122070.3,1761124929553
1036,486,122159.09999999,1761124929642
1033,489,122251.5,1761124929734
1033,489,122331.39999999,1761124929814
1033,489,122414.3,1761124929897
1033,489,122498.69999999,1761124929981
1033,489,122575.39999999,1761124930058
1033,489,122658.09999999,1761124930141
1033,489,122736.59999999,1761124930219
1033,490,122826.5,1761124930309
1032,493,122908.09999999,1761124930391
1032,493,122980.69999999,1761124930463
1032,493,123060,1761124930543
1044,493,123140.3,1761124930623
1320,546,123230.59999999,1761124930713
1335,549,123325.39999999,1761124930808
1335,549,123401,1761124930884
1339,540,123482.59999999,1761124930965
1339,537,123566.59999999,1761124931049
1339,534,123660.5,1761124931143
1339,517,123744.39999999,1761124931227
1339,517,123823.89999999,1761124931306
1339,517,123902.59999999,1761124931385
1339,517,123987,1761124931470
1342,514,124075.59999999,1761124931558
1344,508,124160,1761124931643
1344,508,124241.8,1761124931724
1344,508,124325.3,1761124931808
1344,508,124405.09999999,1761124931888
1344,508,124490.89999999,1761124931973
1344,508,124569.69999999,1761124932052
1288,517,124660.59999999,1761124932143
1207,526,124742.19999999,1761124932225
1150,535,124822.59999999,1761124932305
1092,535,124906.69999999,1761124932389
1039,534,124989.8,1761124932472
1036,534,125071.09999999,1761124932554
1035,534,125160.09999999,1761124932643
1035,538,125243.8,1761124932726
1033,546,125330.3,1761124932813
1030,553,125425.5,1761124932908
1030,562,125512.3,1761124932995
1029,564,125625.19999999,1761124933108
1029,564,125705.59999999,1761124933188
1029,564,125793.09999999,1761124933276
1029,564,125875.39999999,1761124933358
1029,564,125961.8,1761124933444
1029,564,126041.39999999,1761124933524
1029,564,126122.89999999,1761124933605
1023,589,126208.19999999,1761124933691
991,643,126295.19999999,1761124933778
985,658,126377.89999999,1761124933860
985,682,126465.5,1761124933948
984,690,126546.5,1761124934029
979,690,126635.39999999,1761124934118
969,690,126720.39999999,1761124934203
961,690,126805.89999999,1761124934288
960,690,126893.59999999,1761124934376
957,690,126982.89999999,1761124934465
957,690,127060.8,1761124934543
957,690,127144,1761124934626
957,690,127227.3,1761124934710
957,690,127310,1761124934793
957,690,127391.5,1761124934874
957,690,127465.09999999,1761124934948
957,690,127545.69999999,1761124935028
957,690,127626.19999999,1761124935109
957,690,127700.3,1761124935183
957,690,127774.69999999,1761124935257
957,690,127841.8,1761124935324
957,690,127916.39999999,1761124935399
955,690,128004.09999999,1761124935487
943,690,128083.69999999,1761124935566
942,690,128160.3,1761124935643
942,690,128232.19999999,1761124935715
942,690,128319.19999999,1761124935802
942,690,128403.39999999,1761124935886
942,690,128511.39999999,1761124935994
942,690,128596.39999999,1761124936079
997,687,128680.19999999,1761124936163
1075,672,128767.3,1761124936250
1114,669,128847.5,1761124936330
1116,669,128929.5,1761124936412
1116,669,129010.8,1761124936493
1116,669,129097.5,1761124936580
1116,669,129181.39999999,1761124936664
1116,669,129265.89999999,1761124936748
1116,669,129338.5,1761124936821
1116,669,129413.39999999,1761124936896
1116,669,129489,1761124936972
1116,669,129591.8,1761124937074
1116,669,129686.8,1761124937169
1116,669,129786,1761124937269
1116,669,129882,1761124937365
1116,669,129962.89999999,1761124937445
1116,669,130046.59999999,1761124937529
1129,613,130136.69999999,1761124937619
1162,568,130213.3,1761124937696
1165,562,130291.69999999,1761124937774
1165,562,130365.89999999,1761124937848
1165,562,130452.59999999,1761124937935
1165,562,130535.59999999,1761124938018
1165,562,130621.69999999,1761124938104
1165,562,130737.19999999,1761124938220
1165,562,130817.89999999,1761124938300
1165,562,130897.89999999,1761124938381
1165,562,130976.8,1761124938459
1165,562,131060.09999999,1761124938543
1165,562,131145.19999999,1761124938628
1165,562,131227.69999999,1761124938710
1105,459,131308,1761124938791
997,382,131408,1761124938891
721,312,131488.39999999,1761124938971
325,234,131568.5,1761124939051
252,229,131655.3,1761124939138
205,255,131739.59999999,1761124939222
192,276,131823.89999999,1761124939306
181,291,131914.69999999,1761124939397
145,295,132004.8,1761124939487
111,298,132096.59999999,1761124939579
70,306,132186.39999999,1761124939669
57,306,132272.89999999,1761124939755
55,306,132361.19999999,1761124939844
54,307,132445.69999999,1761124939928
54,307,132528.59999999,1761124940011
54,307,132613.8,1761124940096
54,307,132696.89999999,1761124940179
54,307,132797.19999999,1761124940280
54,307,132889,1761124940372
54,307,132968.39999999,1761124940451
54,307,133053.5,1761124940536
54,307,133130.89999999,1761124940613
52,307,133224.89999999,1761124940707
52,307,133296.59999999,1761124940779
52,307,133371.39999999,1761124940854
52,307,133444.19999999,1761124940927
39,306,133529.19999999,1761124941012
16,297,133612.39999999,1761124941095
16,297,133690.09999999,1761124941173
16,297,133769.8,1761124941252
16,297,133849.5,1761124941332
16,297,133936.09999999,1761124941419
16,297,134010.59999999,1761124941493
16,297,134091.39999999,1761124941574
45,297,134180.5,1761124941663
69,297,134269,1761124941752
181,313,134353.5,1761124941836
192,313,134434.89999999,1761124941917
192,313,134512.89999999,1761124941995
192,313,134594.39999999,1761124942077
192,313,134670.59999999,1761124942153
192,313,134752.59999999,1761124942235
192,313,134828.89999999,1761124942312
192,313,134903.89999999,1761124942387
192,313,134981.59999999,1761124942464
192,313,135053.69999999,1761124942536
192,313,135134.3,1761124942617
192,313,135218.5,1761124942701
192,313,135297.19999999,1761124942780
192,313,135368.19999999,1761124942851
192,313,135461.5,1761124942944
192,313,135534.5,1761124943017
192,313,135616.69999999,1761124943099
192,313,135695.3,1761124943178
192,313,135773.89999999,1761124943256
192,313,135845.59999999,1761124943328
192,313,135913.69999999,1761124943396
192,313,135999,1761124943482
192,313,136077.59999999,1761124943560
192,313,136161.89999999,1761124943644
192,313,136263.59999999,1761124943746
192,313,136345.5,1761124943828
192,313,136418.19999999,1761124943901
192,313,136497.89999999,1761124943981
192,313,136586.19999999,1761124944069
192,313,136658.09999999,1761124944141
192,313,136734.59999999,1761124944217
192,313,136817.09999999,1761124944300
192,313,136894.8,1761124944377
192,313,136977.3,1761124944460
192,313,137063.89999999,1761124944547
192,313,137140.09999999,1761124944623
192,313,137209.19999999,1761124944692
192,313,137291.39999999,1761124944774
192,313,137359.09999999,1761124944842
192,313,137435.89999999,1761124944918
192,313,137515.59999999,1761124944998
192,313,137602.09999999,1761124945085
192,313,137678.59999999,1761124945161
192,313,137749.69999999,1761124945232
192,313,137834.09999999,1761124945317
192,313,137913.5,1761124945396
192,313,137996.19999999,1761124945479
192,313,138067,1761124945550
192,313,138151.3,1761124945634
192,313,138224.3,1761124945707
192,313,138292.3,1761124945775
192,313,138362.69999999,1761124945845
192,313,138446.5,1761124945929
192,313,138527.8,1761124946010
192,313,138618.39999999,1761124946101
192,313,138696,1761124946179
192,313,138768.69999999,1761124946251
192,313,138846,1761124946329
192,313,138921.5,1761124946404
192,313,138998,1761124946481
192,313,139104.5,1761124946587
192,313,139196.5,1761124946679
192,313,139277.89999999,1761124946760
192,313,139364.3,1761124946847
192,313,139438.5,1761124946921
192,313,139512.89999999,1761124946995
192,313,139614,1761124947097
192,313,139705.19999999,1761124947188
192,313,139782.3,1761124947265
192,313,139866.89999999,1761124947349
192,313,139943.8,1761124947426
192,313,140043.39999999,1761124947526
192,313,140121.69999999,1761124947604
192,313,140196,1761124947679
192,313,140278.8,1761124947761
192,313,140365.5,1761124947848
192,313,140446.39999999,1761124947929
192,313,140525.8,1761124948008
192,313,140599.69999999,1761124948082
192,313,140674.39999999,1761124948157
192,313,140764.3,1761124948247
192,313,140843.59999999,1761124948326
192,313,140926.39999999,1761124948409
192,313,141013.8,1761124948496
192,313,141093.5,1761124948576
192,313,141175.8,1761124948658
192,313,141264.69999999,1761124948747
192,313,141347.59999999,1761124948830
192,313,141418.19999999,1761124948901
192,313,141497.8,1761124948980
192,313,141586.3,1761124949069
192,313,141662.19999999,1761124949145
192,313,141747.3,1761124949230
192,313,141835.59999999,1761124949318
192,313,141917,1761124949400
192,313,142000.69999999,1761124949483
192,313,142069.89999999,1761124949552
192,313,142142.3,1761124949625
192,313,142211.39999999,1761124949694
192,313,142296,1761124949779
192,313,142381,1761124949864
192,313,142465.5,1761124949948
192,313,142546.09999999,1761124950029
192,313,142621,1761124950103
192,313,142692,1761124950175
192,313,142766.3,1761124950249
192,313,142846.59999999,1761124950329
192,313,142919.89999999,1761124950402
192,313,142994.89999999,1761124950478
192,313,143083.19999999,1761124950566
192,313,143161.69999999,1761124950644
192,313,143234.8,1761124950717
192,313,143309.3,1761124950792
192,313,143395.39999999,1761124950878
192,313,143467.39999999,1761124950950
192,313,143544.89999999,1761124951027
192,313,143633.39999999,1761124951116
192,313,143713.69999999,1761124951196
192,313,143781.39999999,1761124951264
192,313,143873.19999999,1761124951356
192,313,143941,1761124951424
192,313,144025.8,1761124951508
192,313,144121.3,1761124951604
192,313,144193.8,1761124951676
192,313,144276.69999999,1761124951759
192,313,144360.5,1761124951843
192,313,144445.89999999,1761124951928
192,313,144543.59999999,1761124952026
192,313,144615.39999999,1761124952098
192,313,144700.8,1761124952183
192,313,144775.8,1761124952258
192,313,144863.19999999,1761124952346
192,313,144943.09999999,1761124952426
192,313,145013.8,1761124952496
192,313,145102.09999999,1761124952585
192,313,145177.3,1761124952660
192,313,145263.19999999,1761124952746
192,313,145346.59999999,1761124952829
192,313,145414.5,1761124952897
192,313,145493.09999999,1761124952976
192,313,145579.19999999,1761124953062
192,313,145653.5,1761124953136
192,313,145730.09999999,1761124953213
192,313,145810.3,1761124953293
192,313,145882.8,1761124953365
192,313,145961.5,1761124953444
192,313,146043.3,1761124953526
192,313,146133,1761124953615
192,313,146211.8,1761124953694
192,313,146300.3,1761124953783
192,313,146373.19999999,1761124953856
192,313,146443.69999999,1761124953926
192,313,146515.59999999,1761124953998
192,313,146599.8,1761124954082
192,313,146676,1761124954158
192,313,146764.8,1761124954247
192,313,146850.59999999,1761124954333
192,313,146932.89999999,1761124954415
192,313,147015.39999999,1761124954498
192,313,147099.59999999,1761124954582
192,313,147182.39999999,1761124954665
192,313,147271.69999999,1761124954754
192,313,147345.59999999,1761124954828
192,313,147415.89999999,1761124954898
192,313,147497.09999999,1761124954980
192,313,147584.39999999,1761124955067
192,313,147664.3,1761124955147
192,313,147747.09999999,1761124955230
192,313,147829.39999999,1761124955312
192,313,147917.69999999,1761124955400
192,313,147997,1761124955480
192,313,148075.5,1761124955558
192,313,148147.09999999,1761124955630
192,313,148226.09999999,1761124955709
192,313,148309.19999999,1761124955792
192,313,148394.69999999,1761124955877
192,313,148480.8,1761124955963
192,313,148564.3,1761124956047
192,313,148642.39999999,1761124956125
192,313,148739.09999999,1761124956222
192,313,148805.69999999,1761124956288
192,313,148897,1761124956380
192,313,148976.5,1761124956459
192,313,149074.5,1761124956557
192,313,149143.39999999,1761124956626
192,313,149233.69999999,1761124956716
192,313,149312.8,1761124956795
192,313,149385.69999999,1761124956868
192,313,149463,1761124956946
192,313,149547.89999999,1761124957030
192,313,149636.5,1761124957119
192,313,149706.59999999,1761124957189
192,313,149783.89999999,1761124957266
192,313,149866.3,1761124957349
192,313,149950.69999999,1761124957433
192,313,150031.09999999,1761124957514
253,298,150110.19999999,1761124957593
432,294,150203,1761124957686
507,292,150286.89999999,1761124957770
657,289,150370.39999999,1761124957853
1168,339,150453.5,1761124957936
1284,339,150536.5,1761124958019
1387,324,150629.09999999,1761124958112
1473,309,150716.39999999,1761124958199
1537,297,150801.59999999,1761124958284
1581,283,150891,1761124958374
1590,280,150979.19999999,1761124958462
1650,273,151068.89999999,1761124958551
1659,268,151156,1761124958639
1687,267,151251.8,1761124958734
1704,267,151346.39999999,1761124958829
1740,267,151433.89999999,1761124958916
1753,268,151520.5,1761124959003
1753,268,151609.89999999,1761124959093
1761,271,151697.89999999,1761124959180
1767,274,151791.69999999,1761124959274
1767,274,151875.3,1761124959358
1767,274,151959.3,1761124959442
1774,276,152045.59999999,1761124959528
1795,286,152136.89999999,1761124959619
1813,295,152232.3,1761124959715
1819,298,152322.5,1761124959805
1821,300,152412.59999999,1761124959895
1840,310,152507.19999999,1761124959990
1851,313,152598.8,1761124960081
1852,313,152688,1761124960171
1852,313,152775.5,1761124960258
1852,313,152861.39999999,1761124960344
1852,313,152947.19999999,1761124960430
1852,313,153037.8,1761124960520
1852,313,153123.89999999,1761124960606
1798,307,153207,1761124960690
1726,313,153290.5,1761124960773
1671,318,153374.8,1761124960857
1671,318,153450.89999999,1761124960933
1671,318,153526,1761124961009
1671,318,153629.8,1761124961112
1671,318,153705.8,1761124961188
1671,318,153782,1761124961265
1671,318,153865.19999999,1761124961348
1671,318,153944.09999999,1761124961427
1671,318,154016,1761124961499
1671,318,154102.3,1761124961585
1671,318,154180.3,1761124961663
1671,318,154257.69999999,1761124961740
1671,318,154330.89999999,1761124961813
1671,318,154411.89999999,1761124961894
1671,318,154487,1761124961970
1671,318,154564.8,1761124962047
1671,318,154633.69999999,1761124962116
1671,318,154713.89999999,1761124962196
1671,318,154786.5,1761124962269
1671,318,154865.59999999,1761124962348
1671,318,154948.19999999,1761124962431
1671,318,155020.3,1761124962503
1671,318,155092.09999999,1761124962575
1671,318,155177.69999999,1761124962660
1671,318,155249.89999999,1761124962732
1671,318,155327.69999999,1761124962810
1671,318,155400.09999999,1761124962883
1671,318,155478.39999999,1761124962961
1671,318,155562.69999999,1761124963045
1671,318,155633.39999999,1761124963116
1671,318,155712.59999999,1761124963195
1671,318,155784,1761124963267
1671,318,155862.19999999,1761124963345
1671,318,155941.89999999,1761124963424
1671,318,156012.8,1761124963495
1671,318,156097.69999999,1761124963580
1671,318,156179.09999999,1761124963662
1671,318,156249.59999999,1761124963732
1671,318,156337.69999999,1761124963820
1671,318,156408.59999999,1761124963891
1671,318,156504.19999999,1761124963987
1671,318,156580.3,1761124964063
1671,318,156648.3,1761124964131
1671,318,156729.3,1761124964212
1671,318,156816.19999999,1761124964299
1671,318,156894.3,1761124964377
1671,318,156966.19999999,1761124964449
1671,318,157047.3,1761124964530
1671,318,157134.19999999,1761124964617
1671,318,157217.3,1761124964700
1671,318,157295.69999999,1761124964778
1671,318,157380.5,1761124964863
1671,318,157459.39999999,1761124964942
1671,318,157551.69999999,1761124965034
1671,318,157632.8,1761124965115
1671,318,157714.59999999,1761124965197
1671,318,157798.8,1761124965281
1671,318,157882.19999999,1761124965365
1671,318,157963.39999999,1761124965446
1671,318,158042.09999999,1761124965525
1671,318,158128.69999999,1761124965611
1671,318,158202.19999999,1761124965685
1671,318,158293.89999999,1761124965777
1671,318,158367.59999999,1761124965850
1671,318,158447.89999999,1761124965930
1671,318,158530,1761124966013
1671,318,158625.5,1761124966108
1671,318,158706.69999999,1761124966189
1671,318,158780.09999999,1761124966263
1671,318,158858.89999999,1761124966341
1671,318,158930.19999999,1761124966413
1671,318,159013.3,1761124966496
1671,318,159084.09999999,1761124966567
1671,318,159160.69999999,1761124966643
1671,318,159231.59999999,1761124966714
1671,318,159316.5,1761124966799
1671,318,159395.8,1761124966878
1671,318,159471.5,1761124966954
1671,318,159539.3,1761124967022
1671,318,159614.59999999,1761124967097
1671,318,159700,1761124967183
1671,318,159778.5,1761124967261
1671,318,159856.69999999,1761124967339
1671,318,159930.8,1761124967413
1671,318,160015.5,1761124967498
1671,318,160100.8,1761124967583
1671,318,160178.5,1761124967661
1671,318,160260.3,1761124967743
1671,318,160350.8,1761124967833
1671,318,160433.39999999,1761124967916
1671,318,160512.39999999,1761124967995
1671,318,160582.5,1761124968065
1671,318,160668.3,1761124968151
1671,318,160742.89999999,1761124968225
1671,318,160814.8,1761124968297
1671,318,160897,1761124968380
1671,318,160984,1761124968467
1671,318,161056.8,1761124968539
1671,318,161125.19999999,1761124968608
1671,318,161209.39999999,1761124968692
1671,318,161295.5,1761124968778
1671,318,161370.09999999,1761124968853
1671,318,161445.8,1761124968928
1671,318,161518.39999999,1761124969001
1671,318,161597.19999999,1761124969080
1671,318,161685,1761124969168
1671,318,161760.39999999,1761124969243
1671,318,161830.5,1761124969313
1671,318,161910.8,1761124969393
1671,318,161981.3,1761124969464
1671,318,162061.89999999,1761124969545
1671,318,162129.69999999,1761124969612
1671,318,162212.09999999,1761124969695
1671,318,162294.19999999,1761124969777
1671,318,162383,1761124969866
1671,318,162464.8,1761124969947
1671,318,162546.19999999,1761124970029
1671,318,162631.09999999,1761124970114
1671,318,162712.09999999,1761124970195
1671,318,162799.39999999,1761124970282
1671,318,162880.8,1761124970363
1671,318,162959.19999999,1761124970442
1671,318,163053,1761124970536
1671,318,163151.19999999,1761124970634
1671,318,163228.89999999,1761124970711
1671,318,163320.59999999,1761124970803
1671,318,163394.59999999,1761124970877
1671,318,163465.69999999,1761124970948
1671,318,163548.69999999,1761124971031
1671,318,163631.8,1761124971114
1671,318,163711.59999999,1761124971194
1671,318,163798.59999999,1761124971281
1671,318,163885.19999999,1761124971368
1671,318,163961.59999999,1761124971444
1671,318,164049.3,1761124971532
1671,318,164140.09999999,1761124971623
1671,318,164208.59999999,1761124971691
1671,318,164300.8,1761124971783
1671,318,164381,1761124971864
1671,318,164465.09999999,1761124971948
1671,318,164546.8,1761124972029
1671,318,164617.69999999,1761124972100
1671,318,164696.3,1761124972179
1671,318,164768.69999999,1761124972251
1671,318,164845.09999999,1761124972328
1671,318,164928.69999999,1761124972411
1671,318,165001.59999999,1761124972484
1671,318,165079.69999999,1761124972562
1671,318,165156.09999999,1761124972639
1671,318,165230.5,1761124972713
1671,318,165315,1761124972798
1671,318,165389.19999999,1761124972872
1671,318,165466.19999999,1761124972949
1671,318,165548.69999999,1761124973031
1671,318,165625.69999999,1761124973108
1671,318,165721.89999999,1761124973204
1671,318,165793.39999999,1761124973276
1671,318,165862.39999999,1761124973345
1671,318,165947.3,1761124973430
1671,318,166030.3,1761124973513
1671,318,166113.69999999,1761124973596
1671,318,166196.19999999,1761124973679
1671,318,166275.5,1761124973758
1671,318,166365.59999999,1761124973848
1671,318,166447.09999999,1761124973930
1671,318,166530,1761124974013
1671,318,166610.09999999,1761124974093
1671,318,166702.39999999,1761124974185
1671,318,166778.39999999,1761124974261
1671,318,166848.59999999,1761124974331
1671,318,166928.3,1761124974411
1671,318,166996.59999999,1761124974479
1671,318,167075.09999999,1761124974558
1671,318,167162.39999999,1761124974645
1671,318,167231.19999999,1761124974714
1671,318,167315.19999999,1761124974798
1671,318,167394.09999999,1761124974877
1671,318,167479.3,1761124974962
1671,318,167561.59999999,1761124975044
1671,318,167632.09999999,1761124975115
1671,318,167712.59999999,1761124975195
1671,318,167794.09999999,1761124975277
1671,318,167864.3,1761124975347
1671,318,167946.5,1761124975429
1671,318,168025.09999999,1761124975508
1671,318,168110.09999999,1761124975593
1671,318,168189.89999999,1761124975672
1671,318,168258.8,1761124975741
1671,318,168347.8,1761124975830
1671,318,168428.8,1761124975911
1671,318,168507.3,1761124975990
1671,318,168581.59999999,1761124976064
1671,318,168667.3,1761124976150
1671,318,168744.09999999,1761124976227
1671,318,168817.09999999,1761124976300
1671,318,168889.59999999,1761124976372
1671,318,168960.39999999,1761124976443
1671,318,169046.09999999,1761124976529
1671,318,169114.19999999,1761124976597
1671,318,169194.59999999,1761124976677
1671,318,169265.8,1761124976748
1671,318,169345.19999999,1761124976828
1671,318,169428.59999999,1761124976911
1671,318,169501.19999999,1761124976984
1671,318,169581.89999999,1761124977064
1671,318,169670,1761124977153
1671,318,169744.89999999,1761124977227
1671,318,169834.8,1761124977317
1671,318,169916.09999999,1761124977399
1671,318,169995.89999999,1761124977478
1671,318,170076.59999999,1761124977559
1671,318,170161.59999999,1761124977644
1671,318,170234.69999999,1761124977717
1671,318,170307.69999999,1761124977790
1671,318,170378.89999999,1761124977861
1671,318,170467.8,1761124977950
1671,318,170539.5,1761124978022
1671,318,170608.59999999,1761124978091
1671,318,170691.3,1761124978174
1671,318,170781.5,1761124978264
1671,318,170862.39999999,1761124978345
1671,318,170945.69999999,1761124978428
1671,318,171026.8,1761124978509
1671,318,171099.5,1761124978582
1671,318,171178.69999999,1761124978661
1671,318,171246.09999999,1761124978729
1671,318,171332.8,1761124978815
1671,318,171412.69999999,1761124978895
1671,318,171496.19999999,1761124978979
1671,318,171581.59999999,1761124979064
1671,318,171665.89999999,1761124979148
1671,318,171748.3,1761124979231
1671,318,171833.5,1761124979316
1671,318,171925.5,1761124979408
1671,318,171996.59999999,1761124979479
1671,318,172090,1761124979573
1671,318,172159.69999999,1761124979642
1671,318,172246.59999999,1761124979729
1671,318,172331.8,1761124979814
1671,318,172413.8,1761124979896
1671,318,172498.69999999,1761124979981
1671,318,172594.3,1761124980077
1671,318,172666.69999999,1761124980149
1671,318,172739.5,1761124980222
1671,318,172812.69999999,1761124980295
1671,318,172880.89999999,1761124980363
1671,318,172962.09999999,1761124980445
1671,318,173045.8,1761124980528
1671,318,173113.3,1761124980596
1671,318,173215.8,1761124980698
1671,318,173289.59999999,1761124980772
1671,318,173360.39999999,1761124980843
1671,318,173445.8,1761124980928
1671,318,173534.69999999,1761124981017
1671,318,173618.09999999,1761124981101
1671,318,173697.09999999,1761124981180
1671,318,173780.3,1761124981263
1671,318,173854.89999999,1761124981338
1671,318,173931.09999999,1761124981414
1671,318,174002.09999999,1761124981485
1671,318,174079.3,1761124981562
1671,318,174173,1761124981656
1671,318,174245.39999999,1761124981728
1671,318,174331,1761124981814
1671,318,174414,1761124981896
1671,318,174494.3,1761124981977
1671,318,174563.8,1761124982046
1671,318,174645.3,1761124982128
1671,318,174726.89999999,1761124982209
1671,318,174801.3,1761124982284
1671,318,174877.69999999,1761124982360
1671,318,174960.59999999,1761124982443
1671,318,175048.89999999,1761124982531
1671,318,175131.69999999,1761124982614
1671,318,175215.59999999,1761124982698
1671,318,175294.3,1761124982777
1671,318,175361.39999999,1761124982844
1671,318,175444.39999999,1761124982927
1671,318,175533.69999999,1761124983016
1671,318,175610.39999999,1761124983093
1671,318,175680,1761124983163
1659,328,175766.8,1761124983249
1546,376,175842.09999999,1761124983325
1476,384,175934.5,1761124983417
1378,384,176013.8,1761124983496
1227,391,176102.8,1761124983585
1060,394,176185.69999999,1761124983668
955,409,176273.69999999,1761124983756
945,411,176360.89999999,1761124983843
916,426,176445,1761124983928
907,430,176535.59999999,1761124984018
889,442,176621.59999999,1761124984104
889,442,176703.39999999,1761124984186
889,442,176793.5,1761124984276
889,442,176882.09999999,1761124984365
889,442,176968.69999999,1761124984451
889,442,177049.5,1761124984532
889,442,177127.69999999,1761124984610
889,442,177203.8,1761124984686
889,442,177287.8,1761124984770
889,442,177368.39999999,1761124984851
889,442,177446.3,1761124984929
864,460,177524.5,1761124985007
859,466,177601.59999999,1761124985084
859,466,177699.69999999,1761124985182
859,466,177774.69999999,1761124985257
859,466,177850.89999999,1761124985333
859,466,177932.59999999,1761124985415
859,466,178013.8,1761124985496
859,466,178086.39999999,1761124985569
859,466,178164.19999999,1761124985647
859,466,178239,1761124985721
859,466,178312.89999999,1761124985796
859,466,178397.39999999,1761124985880
859,466,178474,1761124985957
859,466,178548,1761124986031
859,466,178630,1761124986113
859,466,178708.59999999,1761124986191
859,466,178802.3,1761124986285
859,466,178878,1761124986361
859,466,178955.19999999,1761124986438
859,466,179028.8,1761124986511
859,466,179101,1761124986583
859,466,179183.39999999,1761124986666
859,466,179267.3,1761124986750
859,466,179343.69999999,1761124986826
859,466,179417.59999999,1761124986900
859,466,179494,1761124986977
859,466,179570.09999999,1761124987053
859,466,179645.69999999,1761124987128
859,466,179714.89999999,1761124987197
859,466,179791.89999999,1761124987274
859,466,179880.09999999,1761124987363
859,466,179960.8,1761124987443
859,466,180046.39999999,1761124987529
859,466,180119.3,1761124987602
859,466,180195.09999999,1761124987678
859,466,180276.69999999,1761124987759
859,466,180348.59999999,1761124987831
859,466,180428.3,1761124987911
859,466,180495.59999999,1761124987978
859,466,180577.39999999,1761124988060
859,466,180662,1761124988145
859,466,180729,1761124988212
859,466,180815,1761124988298
859,466,180893.3,1761124988376
859,466,180973,1761124988456
859,466,181057.5,1761124988540
859,466,181145.89999999,1761124988628
859,466,181226.39999999,1761124988709
859,466,181301.59999999,1761124988784
859,466,181375.19999999,1761124988858
859,466,181446.39999999,1761124988929
859,466,181544.69999999,1761124989027
859,466,181657,1761124989140
859,466,181724.69999999,1761124989207
859,466,181817.89999999,1761124989300
859,466,181893.59999999,1761124989376
859,466,181970.8,1761124989453
859,466,182043.5,1761124989526
859,466,182118.3,1761124989601
859,466,182193.59999999,1761124989676
859,466,182278.39999999,1761124989761
859,466,182364.59999999,1761124989847
859,466,182445.89999999,1761124989928
859,466,182527.59999999,1761124990010
859,466,182601.5,1761124990084
859,466,182674,1761124990157
859,466,182770.69999999,1761124990253
859,466,182843,1761124990326
859,466,182929.69999999,1761124990412
859,466,183012.89999999,1761124990495
859,466,183093.39999999,1761124990576
859,466,183167.39999999,1761124990650
859,466,183242.89999999,1761124990725
859,466,183316.39999999,1761124990799
859,466,183393.3,1761124990876
859,466,183462,1761124990945
859,466,183543.5,1761124991026
859,466,183616.3,1761124991099
859,466,183696.39999999,1761124991179
859,466,183778,1761124991260
859,466,183849.69999999,1761124991332
859,466,183925,1761124991408
859,466,184010.3,1761124991493
859,466,184080,1761124991563
859,466,184162.09999999,1761124991645
859,466,184230.39999999,1761124991713
859,466,184311.59999999,1761124991794
859,466,184391.5,1761124991874
859,466,184463.09999999,1761124991946
859,466,184544.39999999,1761124992027
859,466,184626.09999999,1761124992109
859,466,184698.69999999,1761124992181
859,466,184778.8,1761124992261
859,466,184848.69999999,1761124992331
859,466,184933.19999999,1761124992416
859,466,185007.59999999,1761124992490
859,466,185084.69999999,1761124992567
859,466,185165.69999999,1761124992648
859,466,185245.39999999,1761124992728
859,466,185331.5,1761124992814
859,466,185411,1761124992894
859,466,185482.69999999,1761124992965
859,466,185564.19999999,1761124993047
859,466,185641.8,1761124993124
859,466,185736.59999999,1761124993219
859,466,185810.8,1761124993293
859,466,185897.19999999,1761124993380
859,466,185980.69999999,1761124993463
859,466,186062,1761124993545
859,466,186144.19999999,1761124993627
859,466,186213.39999999,1761124993696
859,466,186293.69999999,1761124993776
859,466,186376.69999999,1761124993859
859,466,186446.19999999,1761124993929
859,466,186524.59999999,1761124994007
859,466,186616.69999999,1761124994099
859,466,186694.39999999,1761124994177
859,466,186778.39999999,1761124994261
859,466,186855.3,1761124994338
859,466,186928.09999999,1761124994411
859,466,187010.5,1761124994493
859,466,187083.19999999,1761124994566
859,466,187164.8,1761124994647
859,466,187244.8,1761124994727
859,466,187328.59999999,1761124994811
859,466,187411.59999999,1761124994894
859,466,187494.3,1761124994977
859,466,187577.39999999,1761124995060
859,466,187663.59999999,1761124995146
859,466,187741.69999999,1761124995224
859,466,187823.69999999,1761124995306
859,466,187897.69999999,1761124995380
859,466,187974,1761124995457
859,466,188051.19999999,1761124995534
859,466,188128.59999999,1761124995611
859,466,188204.09999999,1761124995687
859,466,188297,1761124995780
859,466,188400.89999999,1761124995883
859,466,188471.8,1761124995954
859,466,188544,1761124996027
859,466,188612,1761124996095
859,466,188705.59999999,1761124996188
859,466,188786,1761124996268
859,466,188862.39999999,1761124996345
859,466,188948.09999999,1761124996431
859,466,189028.3,1761124996511
859,466,189106.59999999,1761124996589
859,466,189196.59999999,1761124996679
859,466,189278.69999999,1761124996761
859,466,189348.39999999,1761124996831
859,466,189428.5,1761124996911
859,466,189514.3,1761124996997
859,466,189587.19999999,1761124997070
859,466,189661.8,1761124997144
859,466,189729.3,1761124997212
859,466,189816,1761124997299
859,466,189911,1761124997394
859,466,189979.59999999,1761124997462
859,466,190065.09999999,1761124997548
859,466,190147.19999999,1761124997630
859,466,190231.89999999,1761124997715
859,466,190312.69999999,1761124997795
859,466,190395.3,1761124997878
859,466,190475.89999999,1761124997958
859,466,190550.5,1761124998033
859,466,190629.39999999,1761124998112
859,466,190706.89999999,1761124998189
859,466,190780.8,1761124998263
859,466,190864.59999999,1761124998347
859,466,190945.09999999,1761124998428
859,466,191028.59999999,1761124998511
859,466,191096.19999999,1761124998579
859,466,191178.8,1761124998661
859,466,191261.39999999,1761124998744
859,466,191328.69999999,1761124998811
859,466,191409.59999999,1761124998892
859,466,191481.09999999,1761124998964
859,466,191562.09999999,1761124999045
859,466,191644.19999999,1761124999127
859,466,191712.69999999,1761124999195
859,466,191794.5,1761124999277
859,466,191877.09999999,1761124999360
859,466,191945.59999999,1761124999428
859,466,192023.89999999,1761124999506
859,466,192093.89999999,1761124999576
859,466,192182.3,1761124999665
859,466,192264.5,1761124999747
859,466,192344,1761124999827
859,466,192432.19999999,1761124999915
859,466,192510.89999999,1761124999993
859,466,192582.09999999,1761125000065
859,466,192662.09999999,1761125000145
859,466,192747.5,1761125000230
859,466,192821.3,1761125000304
859,466,192899.19999999,1761125000382
859,466,192972.09999999,1761125000455
859,466,193044.59999999,1761125000527
859,466,193128.09999999,1761125000611
859,466,193209.5,1761125000692
859,466,193282.8,1761125000765
859,466,193357.5,1761125000840
859,466,193427.3,1761125000910
859,466,193519.19999999,1761125001002
859,466,193592.8,1761125001075
859,466,193662.59999999,1761125001145
859,466,193749.19999999,1761125001232
859,466,193840.8,1761125001323
859,466,193916.89999999,1761125001400
859,466,193996.09999999,1761125001479
859,466,194081,1761125001564
859,466,194160.89999999,1761125001643
859,466,194242.89999999,1761125001725
859,466,194313.19999999,1761125001796
859,466,194393.5,1761125001876
859,466,194461.8,1761125001944
859,466,194547.8,1761125002030
859,466,194636.59999999,1761125002119
859,466,194709.8,1761125002192
859,466,194798.19999999,1761125002281
859,466,194880.8,1761125002363
859,466,194958.59999999,1761125002441
859,466,195028.5,1761125002511
859,466,195116.09999999,1761125002599
859,466,195187.69999999,1761125002670
859,466,195260.3,1761125002743
859,466,195329.39999999,1761125002812
859,466,195411.3,1761125002894
859,466,195493,1761125002976
859,466,195565.3,1761125003048
859,466,195645.09999999,1761125003128
859,466,195730.89999999,1761125003213
859,466,195810,1761125003293
859,466,195888.59999999,1761125003371
859,466,195961.3,1761125003444
859,466,196049.19999999,1761125003532
859,466,196127.59999999,1761125003610
859,466,196195.69999999,1761125003678
859,466,196278.59999999,1761125003761
859,466,196361.19999999,1761125003844
859,466,196442.5,1761125003925
859,466,196516.19999999,1761125003999
859,466,196592.8,1761125004075
859,466,196660.39999999,1761125004143
859,466,196748.39999999,1761125004231
859,466,196826.39999999,1761125004309
859,466,196897.5,1761125004380
859,466,196975.5,1761125004458
859,466,197046.5,1761125004529
859,466,197123.19999999,1761125004606
859,466,197210.19999999,1761125004693
859,466,197294.19999999,1761125004777
859,466,197378.3,1761125004861
859,466,197451.3,1761125004934
859,466,197524.19999999,1761125005007
859,466,197610.19999999,1761125005093
859,466,197695.89999999,1761125005178
859,466,197774.8,1761125005257
859,466,197871.8,1761125005354
859,466,197943.39999999,1761125005426
859,466,198039.89999999,1761125005522
859,466,198114,1761125005597
859,466,198190.89999999,1761125005673
859,466,198265.5,1761125005748
859,466,198346.8,1761125005829
859,466,198420.09999999,1761125005903
859,466,198498,1761125005981
859,466,198603.59999999,1761125006086
859,466,198674,1761125006157
859,466,198746.69999999,1761125006229
859,466,198828.69999999,1761125006311
859,466,198914.8,1761125006397
859,466,198996.89999999,1761125006479
859,466,199094.3,1761125006577
859,466,199185.09999999,1761125006668
859,466,199280.69999999,1761125006763
859,466,199364,1761125006847
859,466,199453.59999999,1761125006936
859,466,199525.89999999,1761125007008
859,466,199616.69999999,1761125007099
859,466,199692.19999999,1761125007175
859,466,199764.69999999,1761125007247
859,466,199840,1761125007323
859,466,199926.8,1761125007409
859,466,199996.69999999,1761125007479
859,466,200077,1761125007560
859,466,200145.3,1761125007628
859,466,200232,1761125007715
859,466,200309,1761125007792
859,466,200381,1761125007864
859,466,200460.59999999,1761125007943
859,466,200545.39999999,1761125008028
859,466,200627.5,1761125008110
859,466,200702.69999999,1761125008185
859,466,200773,1761125008256
859,466,200864.19999999,1761125008347
859,466,200944,1761125008427
859,466,201032.89999999,1761125008515
859,466,201115.89999999,1761125008598
859,466,201192.39999999,1761125008675
859,466,201265,1761125008748
859,466,201343.59999999,1761125008826
859,466,201428.09999999,1761125008911
859,466,201509.19999999,1761125008992
859,466,201579.19999999,1761125009062
859,466,201664.8,1761125009147
859,466,201742.5,1761125009225
859,466,201809.09999999,1761125009292
859,466,201902,1761125009385
859,466,201969.59999999,1761125009452
859,466,202043.19999999,1761125009526
859,466,202132.39999999,1761125009615
859,466,202207.69999999,1761125009690
859,466,202297,1761125009780
859,466,202380.89999999,1761125009863
859,466,202460.5,1761125009943
859,466,202543.69999999,1761125010026
859,466,202630.3,1761125010113
859,466,202710.3,1761125010193
859,466,202794.59999999,1761125010277
859,466,202873.89999999,1761125010357
859,466,202946.89999999,1761125010429
859,466,203024.59999999,1761125010507
859,466,203111.19999999,1761125010594
859,466,203185.09999999,1761125010668
859,466,203262,1761125010745
859,466,203333.39999999,1761125010816
859,466,203408.69999999,1761125010891
859,466,203490.8,1761125010973
859,466,203576,1761125011059
859,466,203652.59999999,1761125011135
859,466,203726.59999999,1761125011209
859,466,203796.39999999,1761125011279
859,466,203878.09999999,1761125011361
859,466,203951.19999999,1761125011434
859,466,204027.8,1761125011510
859,466,204111.89999999,1761125011594
859,466,204194,1761125011677
859,466,204267.5,1761125011750
859,466,204338.8,1761125011821
859,466,204426.69999999,1761125011909
859,466,204513,1761125011996
859,466,204595,1761125012078
859,466,204675.8,1761125012158
859,466,204748.3,1761125012231
859,466,204825.69999999,1761125012308
859,466,204896.5,1761125012379
859,466,204977,1761125012460
859,466,205046,1761125012529
859,466,205127.59999999,1761125012610
859,466,205201,1761125012684
859,466,205276.09999999,1761125012759
859,466,205368.09999999,1761125012851
859,466,205441.19999999,1761125012924
859,466,205513.89999999,1761125012996
859,466,205594.09999999,1761125013077
859,466,205666.69999999,1761125013149
859,466,205743.39999999,1761125013226
859,466,205816.69999999,1761125013299
859,466,205892.39999999,1761125013375
859,466,205975.89999999,1761125013458
859,466,206046.19999999,1761125013529
859,466,206125.8,1761125013608
859,466,206196.69999999,1761125013679
859,466,206292.89999999,1761125013775
859,466,206365.89999999,1761125013848
859,466,206443,1761125013926
859,466,206527.19999999,1761125014010
859,466,206607.3,1761125014090
859,466,206678.59999999,1761125014161
859,466,206766.39999999,1761125014249
859,466,206843.09999999,1761125014326
859,466,206915.3,1761125014398
859,466,206993.5,1761125014476
859,466,207066.19999999,1761125014549
859,466,207140.19999999,1761125014623
859,466,207235.39999999,1761125014718
859,466,207310.8,1761125014793
859,466,207379.8,1761125014862
859,466,207459.39999999,1761125014942
859,466,207535.8,1761125015018
859,466,207612.39999999,1761125015095
859,466,207682.8,1761125015165
859,466,207761.8,1761125015244
859,466,207845.5,1761125015328
859,466,207925.3,1761125015408
859,466,207998.89999999,1761125015481
859,466,208075.8,1761125015558
859,466,208146.89999999,1761125015629
859,466,208227.5,1761125015710
859,466,208297.5,1761125015780
859,466,208382.59999999,1761125015865
859,466,208465.39999999,1761125015948
859,466,208547.8,1761125016030
859,466,208628.3,1761125016111
859,466,208708.89999999,1761125016191
859,466,208783.89999999,1761125016267
859,466,208861,1761125016344
859,466,208933.69999999,1761125016416
859,466,209009.19999999,1761125016492
859,466,209081.5,1761125016564
859,466,209160.5,1761125016643
859,466,209244.19999999,1761125016727
859,466,209324.8,1761125016807
859,466,209395.69999999,1761125016878
859,466,209477.59999999,1761125016960
859,466,209565.09999999,1761125017048
859,466,209647.59999999,1761125017130
859,466,209731.39999999,1761125017214
859,466,209808.19999999,1761125017291
859,466,209877.8,1761125017360
859,466,209964.8,1761125017447
859,466,210059.19999999,1761125017542
859,466,210137.59999999,1761125017620
859,466,210208,1761125017691
859,466,210281.3,1761125017764
859,466,210351.89999999,1761125017834
859,466,210451.19999999,1761125017934
859,466,210548.39999999,1761125018031
859,466,210627.59999999,1761125018110
859,466,210715.5,1761125018198
859,466,210793.89999999,1761125018276
859,466,210880.59999999,1761125018363
859,466,210960.8,1761125018443
859,466,211042.59999999,1761125018525
859,466,211125.3,1761125018608
859,466,211219,1761125018702
859,466,211291.39999999,1761125018774
859,466,211361.3,1761125018844
859,466,211443,1761125018926
859,466,211518.09999999,1761125019001
859,466,211593.8,1761125019076
859,466,211666.89999999,1761125019149
859,466,211742.89999999,1761125019225
859,466,211812.3,1761125019295
859,466,211893.3,1761125019376
859,466,211983.19999999,1761125019466
859,466,212063.39999999,1761125019546
859,466,212144,1761125019627
859,466,212227.39999999,1761125019710
859,466,212316,1761125019799
859,466,212390.89999999,1761125019873
859,466,212476.89999999,1761125019960
859,466,212543.59999999,1761125020026
859,466,212613,1761125020095
859,466,212691.69999999,1761125020174
859,466,212764.89999999,1761125020247
859,466,212841.69999999,1761125020324
859,466,212922.89999999,1761125020405
859,466,213000.39999999,1761125020483
859,466,213072.69999999,1761125020555
859,466,213161.19999999,1761125020644
859,466,213260.5,1761125020743
859,466,213357.19999999,1761125020840
859,466,213430.19999999,1761125020913
859,466,213511,1761125020994
859,466,213594.19999999,1761125021077
859,466,213663,1761125021146
859,466,213743.19999999,1761125021226
859,466,213816.8,1761125021299
859,466,213892.69999999,1761125021375
859,466,213989.5,1761125021472
859,466,214062,1761125021545
859,466,214146.3,1761125021629
859,466,214229.69999999,1761125021712
859,466,214314.8,1761125021797
859,466,214396.19999999,1761125021879
859,466,214478.19999999,1761125021961
859,466,214566.39999999,1761125022049
859,466,214644.39999999,1761125022127
859,466,214741.8,1761125022224
859,466,214817.19999999,1761125022300
859,466,214897.19999999,1761125022380
859,466,214977.69999999,1761125022460
859,466,215054.19999999,1761125022537
859,466,215125.59999999,1761125022608
859,466,215218.19999999,1761125022701
859,466,215295.59999999,1761125022778
859,466,215378.69999999,1761125022861
859,466,215459.8,1761125022942
859,466,215533.8,1761125023016
859,466,215617.69999999,1761125023100
859,466,215693.5,1761125023176
859,466,215785.19999999,1761125023268
859,466,215857.3,1761125023340
859,466,215939.89999999,1761125023422
859,466,216036.39999999,1761125023519
859,466,216106,1761125023588
859,466,216177.8,1761125023660
859,466,216264.5,1761125023747
859,466,216347.89999999,1761125023830
859,466,216424.59999999,1761125023907
859,466,216497.69999999,1761125023980
859,466,216573.5,1761125024056
859,466,216649.3,1761125024132
859,466,216726.39999999,1761125024209
859,466,216796.89999999,1761125024279
859,466,216881.39999999,1761125024364
859,466,216963.69999999,1761125024446
859,466,217041.89999999,1761125024524
859,466,217129.69999999,1761125024612
859,466,217209.19999999,1761125024692
859,466,217296.19999999,1761125024779
859,466,217373.09999999,1761125024856
859,466,217466.59999999,1761125024949
859,466,217542.8,1761125025025
859,466,217626.8,1761125025109
859,466,217705.19999999,1761125025188
859,466,217797.09999999,1761125025280
859,466,217875.09999999,1761125025358
859,466,217958.8,1761125025441
859,466,218027.8,1761125025510
859,466,218112.89999999,1761125025595
859,466,218188.89999999,1761125025671
859,466,218280.3,1761125025763
859,466,218358,1761125025841
859,466,218430.3,1761125025913
859,466,218499.39999999,1761125025982
859,466,218573.69999999,1761125026056
859,466,218654.39999999,1761125026137
859,466,218782.39999999,1761125026265
859,466,218862.89999999,1761125026345
859,466,218945.5,1761125026428
859,466,219026.59999999,1761125026509
859,466,219107.89999999,1761125026590
859,466,219185.3,1761125026668
859,466,219260,1761125026743
859,466,219328.39999999,1761125026811
859,466,219407.5,1761125026890
859,466,219493.5,1761125026976
859,466,219579.8,1761125027062
859,466,219660,1761125027142
859,466,219745.3,1761125027228
859,466,219825.69999999,1761125027308
859,466,219899.09999999,1761125027382
859,466,219977,1761125027460
859,466,220052.69999999,1761125027535
859,466,220126.39999999,1761125027609
859,466,220217.5,1761125027700
859,466,220290,1761125027773
859,466,220384.8,1761125027867
859,466,220459.8,1761125027942
859,466,220529.8,1761125028012
859,466,220612.5,1761125028095
859,466,220696.09999999,1761125028179
859,466,220776.89999999,1761125028260
859,466,220865,1761125028348
859,466,220942,1761125028425
859,466,221012.39999999,1761125028495
859,466,221094.8,1761125028577
859,466,221180,1761125028663
859,466,221262,1761125028745
859,466,221346.09999999,1761125028829
859,466,221430.8,1761125028913
859,466,221509.5,1761125028992
859,466,221596.89999999,1761125029079
859,466,221678.8,1761125029161
859,466,221761.89999999,1761125029244
859,466,221842.59999999,1761125029325
859,466,221913.8,1761125029396
859,466,221992.5,1761125029475
859,466,222074,1761125029557
859,466,222147.59999999,1761125029630
859,466,222229.19999999,1761125029712
859,466,222308.19999999,1761125029791
859,466,222385.39999999,1761125029868
862,466,222461.89999999,1761125029944
862,466,222539.5,1761125030022
862,466,222628.39999999,1761125030111
864,466,222716.39999999,1761125030199
876,459,222791.59999999,1761125030274
876,459,222881.19999999,1761125030364
876,459,222979.19999999,1761125030462
876,459,223060.59999999,1761125030543
876,459,223140.3,1761125030623
876,459,223218.19999999,1761125030701
876,459,223296,1761125030779
876,459,223373.59999999,1761125030856
876,459,223450.69999999,1761125030933
876,459,223529.5,1761125031012
876,459,223613.8,1761125031096
876,459,223694.89999999,1761125031177
876,459,223769.8,1761125031252
876,459,223842.39999999,1761125031325
876,459,223912,1761125031395
876,459,223992,1761125031475
876,459,224076.19999999,1761125031559
876,459,224149.89999999,1761125031632
876,459,224226.39999999,1761125031709
876,459,224308,1761125031791
876,459,224383.59999999,1761125031866
876,459,224460,1761125031943
876,459,224534.19999999,1761125032017
876,459,224609.69999999,1761125032092
876,459,224688.59999999,1761125032171
876,459,224761,1761125032244
876,459,224841.5,1761125032324
876,459,224924.19999999,1761125032407
876,459,225006,1761125032489
876,459,225082.09999999,1761125032565
876,459,225185.19999999,1761125032668
876,459,225276.19999999,1761125032759
876,459,225355.69999999,1761125032838
876,459,225428.09999999,1761125032911
876,459,225509.39999999,1761125032992
876,459,225593.39999999,1761125033076
876,459,225661,1761125033144
876,459,225740.39999999,1761125033223
876,459,225826.59999999,1761125033309
876,459,225894.8,1761125033377
876,459,225976.59999999,1761125033459
876,459,226044,1761125033527
876,459,226127,1761125033610
876,459,226210.69999999,1761125033693
876,459,226292,1761125033774
876,459,226374.59999999,1761125033857
876,459,226459.89999999,1761125033942
876,459,226527.69999999,1761125034010
876,459,226610.09999999,1761125034093
876,459,226693,1761125034176
876,459,226765.3,1761125034248
876,459,226837.8,1761125034320
876,459,226909.59999999,1761125034392
876,459,226993.19999999,1761125034476
876,459,227082.39999999,1761125034565
876,459,227155.89999999,1761125034639
876,459,227256.09999999,1761125034739
876,459,227326.89999999,1761125034809
876,459,227412.09999999,1761125034895
876,459,227492.8,1761125034975
876,459,227581.69999999,1761125035064
876,459,227656.09999999,1761125035139
876,459,227727.69999999,1761125035210
876,459,227806.19999999,1761125035289
876,459,227895.19999999,1761125035378
876,459,227982.19999999,1761125035465
876,459,228060.89999999,1761125035543
876,459,228130.59999999,1761125035613
876,459,228207.5,1761125035690
876,459,228276.5,1761125035759
876,459,228358.39999999,1761125035841
876,459,228442.5,1761125035925
876,459,228527.89999999,1761125036010
876,459,228610.59999999,1761125036093
876,459,228697.8,1761125036180
876,459,228768.89999999,1761125036251
876,459,228838.89999999,1761125036321
876,459,228911.8,1761125036394
876,459,228991.69999999,1761125036474
876,459,229068.09999999,1761125036551
876,459,229143.19999999,1761125036626
876,459,229215.09999999,1761125036698
876,459,229320.39999999,1761125036803
876,459,229394.3,1761125036877
876,459,229479.5,1761125036962
876,459,229554.89999999,1761125037037
876,459,229640.39999999,1761125037123
876,459,229728.3,1761125037211
876,459,229810.8,1761125037293
876,459,229891,1761125037374
876,459,229963.8,1761125037446
876,459,230045.19999999,1761125037528
876,459,230124.89999999,1761125037608
876,459,230211.19999999,1761125037694
876,459,230292.89999999,1761125037775
876,459,230376.69999999,1761125037859
876,459,230459.39999999,1761125037942
876,459,230532.69999999,1761125038015
876,459,230609.8,1761125038092
876,459,230690.8,1761125038173
876,459,230762.89999999,1761125038245
876,459,230841.59999999,1761125038324
876,459,230915.8,1761125038398
876,459,230991.39999999,1761125038474
876,459,231074.69999999,1761125038557
876,459,231146.69999999,1761125038629
876,459,231223.09999999,1761125038706
876,459,231312.39999999,1761125038795
876,459,231395.3,1761125038878
876,459,231474.8,1761125038957
876,459,231542.5,1761125039025
876,459,231630.39999999,1761125039113
876,459,231708.3,1761125039191
876,459,231774.8,1761125039257
876,459,231871.69999999,1761125039354
876,459,231943.89999999,1761125039427
876,459,232024,1761125039507
876,459,232098.3,1761125039581
876,459,232179.89999999,1761125039662
876,459,232258.3,1761125039741
876,459,232329,1761125039812
876,459,232403.09999999,1761125039886
876,459,232477.59999999,1761125039960
876,459,232561,1761125040044
876,459,232631.89999999,1761125040114
876,459,232728.3,1761125040211
876,459,232798.69999999,1761125040281
876,459,232877.19999999,1761125040360
876,459,232956.09999999,1761125040439
876,459,233026.59999999,1761125040509
876,459,233108.69999999,1761125040591
876,459,233191.19999999,1761125040674
876,459,233275.3,1761125040758
876,459,233345.09999999,1761125040828
876,459,233424.5,1761125040907
876,459,233499.19999999,1761125040982
876,459,233576.5,1761125041059
876,459,233644.3,1761125041127
876,459,233724.69999999,1761125041207
876,459,233809.39999999,1761125041292
876,459,233876.59999999,1761125041359
876,459,233962,1761125041445
876,459,234041.89999999,1761125041524
876,459,234128.8,1761125041611
876,459,234209.5,1761125041692
876,459,234287.39999999,1761125041770
876,459,234373.89999999,1761125041856
876,459,234462,1761125041945
876,459,234541.59999999,1761125042024
876,459,234617.69999999,1761125042100
876,459,234692.19999999,1761125042175
876,459,234778.89999999,1761125042261
876,459,234860.39999999,1761125042343
876,459,234943.59999999,1761125042426
876,459,235016.09999999,1761125042499
876,459,235097.8,1761125042580
876,459,235178.59999999,1761125042661
876,459,235257.5,1761125042740
876,459,235347.59999999,1761125042830
876,459,235432.5,1761125042915
876,459,235509.5,1761125042992
876,459,235589.19999999,1761125043072
876,459,235671.59999999,1761125043154
876,459,235745.59999999,1761125043228
876,459,235829.8,1761125043312
876,459,235902.5,1761125043385
876,459,235974.3,1761125043457
876,459,236059.59999999,1761125043542
876,459,236147,1761125043630
876,459,236225.09999999,1761125043708
876,459,236309.59999999,1761125043792
876,459,236376.59999999,1761125043859
876,459,236462,1761125043945
876,459,236545.8,1761125044028
876,459,236625.39999999,1761125044108
876,459,236696.89999999,1761125044179
876,459,236770.8,1761125044253
876,459,236844.8,1761125044327
876,459,236924.39999999,1761125044407
876,459,236994.3,1761125044477
876,459,237075.8,1761125044558
876,459,237142.39999999,1761125044625
876,459,237226.5,1761125044709
876,459,237309.19999999,1761125044792
876,459,237377.19999999,1761125044860
876,459,237458.59999999,1761125044941
876,459,237526.19999999,1761125045009
876,459,237610.19999999,1761125045093
876,459,237700.3,1761125045183
876,459,237773.3,1761125045256
876,459,237842.69999999,1761125045325
876,459,237929.5,1761125045412
876,459,238009.69999999,1761125045492
876,459,238093.39999999,1761125045576
876,459,238175.19999999,1761125045658
876,459,238244,1761125045727
876,459,238325.19999999,1761125045808
876,459,238396.09999999,1761125045879
876,459,238476.69999999,1761125045959
876,459,238558.5,1761125046041
876,459,238630.59999999,1761125046113
876,459,238703.59999999,1761125046186
876,459,238775.19999999,1761125046258
876,459,238862.59999999,1761125046345
876,459,238944.59999999,1761125046427
876,459,239027.39999999,1761125046510
876,459,239105.39999999,1761125046588
876,459,239202.19999999,1761125046685
876,459,239275.09999999,1761125046758
876,459,239360.19999999,1761125046843
876,459,239449.89999999,1761125046932
876,459,239526.69999999,1761125047009
876,459,239608.39999999,1761125047091
876,459,239679.8,1761125047162
876,459,239752.8,1761125047235
876,459,239843.59999999,1761125047326
876,459,239951.09999999,1761125047434
876,459,240018.19999999,1761125047501
876,459,240091.19999999,1761125047574
876,459,240181.39999999,1761125047664
876,459,240256.89999999,1761125047739
876,459,240326.19999999,1761125047809
876,459,240403.59999999,1761125047886
876,459,240491.59999999,1761125047974
876,459,240578.39999999,1761125048061
876,459,240661,1761125048143
876,459,240736.3,1761125048219
876,459,240803.8,1761125048286
876,459,240877.8,1761125048360
876,459,240960.59999999,1761125048443
876,459,241042.69999999,1761125048525
876,459,241127.5,1761125048610
876,459,241222.3,1761125048705
876,459,241312.59999999,1761125048795
876,459,241391,1761125048874
876,459,241484,1761125048967
876,459,241559.19999999,1761125049042
876,459,241629.3,1761125049112
876,459,241710.19999999,1761125049193
876,459,241786.5,1761125049269
876,459,241855.59999999,1761125049338
876,459,241940.8,1761125049423
876,459,242013.09999999,1761125049496
876,459,242094.8,1761125049577
876,459,242183.89999999,1761125049666
876,459,242251.19999999,1761125049734
876,459,242322.09999999,1761125049805
876,459,242406.39999999,1761125049889
876,459,242480,1761125049962
876,459,242557.89999999,1761125050040
876,459,242626.69999999,1761125050109
876,459,242707.69999999,1761125050190
876,459,242795.39999999,1761125050278
876,459,242874.5,1761125050357
876,459,242946.3,1761125050429
876,459,243025.8,1761125050508
876,459,243108.89999999,1761125050591
876,459,243198.39999999,1761125050681
876,459,243272.8,1761125050755
876,459,243347.59999999,1761125050830
876,459,243428.8,1761125050911
876,459,243506.09999999,1761125050989
876,459,243596.8,1761125051079
876,459,243677.89999999,1761125051160
876,459,243759.8,1761125051242
876,459,243842.19999999,1761125051325
876,459,243924.69999999,1761125051407
876,459,243995.8,1761125051478
876,459,244075.59999999,1761125051558
876,459,244143.8,1761125051626
876,459,244223.5,1761125051706
876,459,244311.5,1761125051794
876,459,244382.39999999,1761125051865
876,459,244454.8,1761125051937
876,459,244541.3,1761125052024
876,459,244615.3,1761125052098
876,459,244689.19999999,1761125052172
876,459,244773.89999999,1761125052256
876,459,244848.19999999,1761125052331
876,459,244925.69999999,1761125052408
876,459,244993.3,1761125052476
876,459,245073.89999999,1761125052556
876,459,245156.5,1761125052639
876,459,245231,1761125052714
876,459,245308,1761125052791
876,459,245376.89999999,1761125052859
876,459,245461,1761125052944
876,459,245540.59999999,1761125053023
876,459,245612.8,1761125053095
876,459,245690.8,1761125053173
876,459,245761.59999999,1761125053244
876,459,245841.39999999,1761125053324
876,459,245925.19999999,1761125053408
876,459,245995,1761125053478
876,459,246075.09999999,1761125053558
876,459,246158.5,1761125053641
876,459,246232.5,1761125053715
876,459,246313.3,1761125053796
876,459,246393.59999999,1761125053876
876,459,246468.8,1761125053951
876,459,246541.69999999,1761125054024
876,459,246626,1761125054108
876,459,246722,1761125054205
876,459,246793.39999999,1761125054276
876,459,246872.3,1761125054355
876,459,246944.09999999,1761125054427
876,459,247026.69999999,1761125054509
876,459,247106.19999999,1761125054589
876,459,247178.89999999,1761125054661
876,459,247255.89999999,1761125054739
876,459,247326,1761125054809
876,459,247408,1761125054891
876,459,247475.8,1761125054958
876,459,247556.39999999,1761125055039
876,459,247627.8,1761125055110
876,459,247713.8,1761125055196
876,459,247794.3,1761125055277
876,459,247875.3,1761125055358
876,459,247956.89999999,1761125055439
876,459,248047.69999999,1761125055530
876,459,248127.69999999,1761125055610
876,459,248207.59999999,1761125055690
876,459,248291.89999999,1761125055775
876,459,248376.19999999,1761125055859
876,459,248459.69999999,1761125055942
876,459,248545.59999999,1761125056028
876,459,248627.89999999,1761125056110
876,459,248712.3,1761125056195
876,459,248793.09999999,1761125056276
876,459,248864.69999999,1761125056347
876,459,248937.69999999,1761125056420
876,459,249007.5,1761125056490
876,459,249092.5,1761125056575
876,459,249179.5,1761125056662
876,459,249259.09999999,1761125056742
876,459,249359,1761125056842
876,459,249433.19999999,1761125056916
876,459,249508.19999999,1761125056991
876,459,249592.39999999,1761125057075
876,459,249676.39999999,1761125057159
876,459,249748.89999999,1761125057231
876,459,249825.59999999,1761125057308
876,459,249909,1761125057392
876,459,249977,1761125057460
876,459,250058.39999999,1761125057541
876,459,250126.8,1761125057609
876,459,250209.59999999,1761125057692
876,459,250287.89999999,1761125057770
876,459,250360.89999999,1761125057844
876,459,250450.59999999,1761125057933
876,459,250523.69999999,1761125058006
876,459,250593.5,1761125058076
876,459,250675.39999999,1761125058158
876,459,250744.8,1761125058227
876,459,250820.8,1761125058303
876,459,250913.09999999,1761125058396
876,459,250994.3,1761125058477
876,459,251077.09999999,1761125058560
876,459,251159.3,1761125058642
876,459,251244.89999999,1761125058727
876,459,251325.69999999,1761125058808
876,459,251407.69999999,1761125058890
876,459,251481.5,1761125058964
876,459,251552.19999999,1761125059035
876,459,251624.39999999,1761125059107
876,459,251695.39999999,1761125059178
876,459,251778.89999999,1761125059262
876,459,251856.89999999,1761125059339
876,459,251929.19999999,1761125059412
876,459,252007.19999999,1761125059490
876,459,252077.09999999,1761125059560
876,459,252156,1761125059639
876,459,252225.59999999,1761125059708
876,459,252306.5,1761125059789
876,459,252395.09999999,1761125059878
876,459,252475.3,1761125059958
876,459,252560.3,1761125060043
876,459,252639.39999999,1761125060122
876,459,252713.39999999,1761125060196
876,459,252791.3,1761125060274
876,459,252862.89999999,1761125060345
876,459,252944.8,1761125060427
876,459,253027.89999999,1761125060510
876,459,253109.3,1761125060592
876,459,253199.59999999,1761125060682
876,459,253275.59999999,1761125060758
876,459,253359.89999999,1761125060842
876,459,253446,1761125060929
876,459,253529,1761125061012
876,459,253611,1761125061094
876,459,253691.09999999,1761125061174
876,459,253774,1761125061257
876,459,253845,1761125061328
876,459,253921.19999999,1761125061404
876,459,254000.19999999,1761125061483
876,459,254073.3,1761125061556
876,459,254145.89999999,1761125061628
876,459,254219.5,1761125061702
876,459,254308.19999999,1761125061791
876,459,254375.5,1761125061858
876,459,254458.8,1761125061941
876,459,254548.3,1761125062031
876,459,254629.3,1761125062112
876,459,254713,1761125062196
876,459,254793.8,1761125062276
876,459,254862.69999999,1761125062345
876,459,254942.39999999,1761125062425
876,459,255052.59999999,1761125062535
876,459,255142.8,1761125062625
876,459,255212.5,1761125062695
876,459,255292.19999999,1761125062775
876,459,255359.39999999,1761125062842
876,459,255442.39999999,1761125062925
876,459,255523.69999999,1761125063006
876,459,255595.59999999,1761125063078
876,459,255674.09999999,1761125063157
876,459,255758.3,1761125063241
876,459,255843.3,1761125063326
876,459,255931.59999999,1761125063414
876,459,256004.8,1761125063487
876,459,256075.89999999,1761125063558
876,459,256164.89999999,1761125063647
876,459,256235.59999999,1761125063718
876,459,256306.3,1761125063789
876,459,256393,1761125063876
876,459,256474.8,1761125063957
876,459,256560,1761125064043
876,459,256641.39999999,1761125064124
876,459,256712.59999999,1761125064195
876,459,256797.39999999,1761125064280
876,459,256872.69999999,1761125064355
876,459,256946.5,1761125064429
876,459,257024,1761125064507
876,459,257091.3,1761125064574
876,459,257177.59999999,1761125064660
876,459,257260.59999999,1761125064743
876,459,257338.69999999,1761125064821
876,459,257411.3,1761125064894
876,459,257490.8,1761125064973
876,459,257571.3,1761125065054
876,459,257677.19999999,1761125065160
876,459,257756.89999999,1761125065240
876,459,257850.5,1761125065333
876,459,257922.59999999,1761125065405
876,459,257998.3,1761125065481
876,459,258077.19999999,1761125065560
876,459,258157.69999999,1761125065640
876,459,258230.69999999,1761125065713
876,459,258307,1761125065789
876,459,258381.59999999,1761125065864
876,459,258456.8,1761125065939
876,459,258546,1761125066028
876,459,258619.69999999,1761125066102
876,459,258688.89999999,1761125066172
876,459,258773.59999999,1761125066256
876,459,258851.19999999,1761125066334
876,459,258924.39999999,1761125066407
876,459,258992.59999999,1761125066475
876,459,259081.3,1761125066564
876,459,259173.59999999,1761125066656
876,459,259250.8,1761125066733
876,459,259336.89999999,1761125066819
876,459,259408.39999999,1761125066891
876,459,259484,1761125066967
876,459,259554.8,1761125067037
876,459,259645.89999999,1761125067128
876,459,259726,1761125067208
876,459,259809.5,1761125067292
876,459,259892.39999999,1761125067375
876,459,259982.39999999,1761125067465
876,459,260053.5,1761125067536
876,459,260147.5,1761125067630
876,459,260223.3,1761125067706
876,459,260294.59999999,1761125067777
876,459,260380,1761125067862
876,459,260468.19999999,1761125067951
876,459,260538.09999999,1761125068021
876,459,260623.19999999,1761125068106
876,459,260700.3,1761125068183
876,459,260769.39999999,1761125068252
876,459,260841,1761125068324
876,459,260925.09999999,1761125068408
876,459,260993,1761125068476
876,459,261074.89999999,1761125068557
876,459,261148.19999999,1761125068631
876,459,261222.3,1761125068705
876,459,261296,1761125068779
876,459,261373.69999999,1761125068856
876,459,261449.19999999,1761125068932
876,459,261525,1761125069008
876,459,261593,1761125069076
876,459,261670.5,1761125069153
876,459,261758,1761125069241
876,459,261831.8,1761125069314
876,459,261904.39999999,1761125069387
876,459,261979,1761125069462
876,459,262060.8,1761125069543
876,459,262142.3,1761125069625
876,459,262222.3,1761125069705
876,459,262308.39999999,1761125069791
876,459,262392,1761125069875
876,459,262475.8,1761125069958
876,459,262558.69999999,1761125070041
876,459,262640.8,1761125070123
876,459,262708.3,1761125070191
876,459,262787,1761125070270
876,459,262859.09999999,1761125070342
876,459,262943.39999999,1761125070426
876,459,263024.69999999,1761125070507
876,459,263093,1761125070576
876,459,263174.19999999,1761125070657
876,459,263258.5,1761125070741
876,459,263332.09999999,1761125070815
876,459,263406,1761125070888
876,459,263478.19999999,1761125070961
876,459,263564.5,1761125071047
876,459,263637.8,1761125071120
876,459,263714.19999999,1761125071197
876,459,263814.8,1761125071297
876,459,263890,1761125071373
876,459,263979.69999999,1761125071462
876,459,264057.19999999,1761125071540
876,459,264141.89999999,1761125071624
876,459,264215.3,1761125071698
876,459,264291.39999999,1761125071774
876,459,264377.8,1761125071860
876,459,264464.09999999,1761125071947
876,459,264538.59999999,1761125072021
876,459,264630.5,1761125072113
876,459,264707.5,1761125072190
876,459,264790.8,1761125072273
876,459,264872.3,1761125072355
876,459,264942.3,1761125072425
876,459,265024.8,1761125072507
876,459,265093.09999999,1761125072576
876,459,265170.89999999,1761125072653
876,459,265260.89999999,1761125072743
876,459,265339.3,1761125072822
876,459,265409.69999999,1761125072892
876,459,265490.09999999,1761125072973
876,459,265564.8,1761125073047
876,459,265642.69999999,1761125073125
876,459,265724.5,1761125073207
876,459,265808.59999999,1761125073291
876,459,265890.59999999,1761125073373
876,459,265957.69999999,1761125073440
876,459,266041.3,1761125073524
876,459,266122.09999999,1761125073605
876,459,266192.8,1761125073675
1162,403,266278.69999999,1761125073761
1255,400,266361.69999999,1761125073844
1299,388,266444.39999999,1761125073927
1308,385,266533.69999999,1761125074016
1308,385,266611.8,1761125074094
1308,385,266698.8,1761125074181
1308,385,266774.89999999,1761125074257
1308,385,266849.89999999,1761125074332
1308,385,266935.09999999,1761125074418
1308,385,267011.8,1761125074494
1308,385,267091.69999999,1761125074574
1308,385,267169.89999999,1761125074652
1308,385,267250.19999999,1761125074733
1308,385,267325.39999999,1761125074808
1308,385,267400.09999999,1761125074883
1308,385,267474,1761125074957
1308,385,267547.19999999,1761125075030
1308,385,267627.3,1761125075110
1308,385,267723.3,1761125075206
1308,385,267794.09999999,1761125075277
1308,385,267873.3,1761125075356
1308,385,267955.39999999,1761125075438
1308,385,268026.5,1761125075509
1308,385,268106.09999999,1761125075589
1308,385,268175.3,1761125075658
1308,385,268255.5,1761125075738
1308,385,268337.59999999,1761125075820
1308,385,268420,1761125075903
1308,385,268507.8,1761125075990
1308,385,268580,1761125076063
1308,385,268658.89999999,1761125076141
1308,385,268736.69999999,1761125076219
1308,385,268828.8,1761125076311
1308,385,268908.09999999,1761125076391
1308,385,268990.3,1761125076473
1308,385,269079.8,1761125076562
1308,385,269157.69999999,1761125076640
1308,385,269236.8,1761125076719
1308,385,269322.69999999,1761125076805
1308,385,269392.3,1761125076875
1308,385,269473.09999999,1761125076956
1308,385,269548.19999999,1761125077031
1308,385,269623.89999999,1761125077107
1308,385,269698.89999999,1761125077181
1308,385,269773.59999999,1761125077256
1308,385,269844.89999999,1761125077327
1308,385,269925.19999999,1761125077408
1308,385,270009.19999999,1761125077492
1308,385,270081.09999999,1761125077564
1308,385,270157.89999999,1761125077640
1308,385,270227.69999999,1761125077710
1308,385,270304.59999999,1761125077787
1308,385,270390.3,1761125077873
1308,385,270462.09999999,1761125077945
1308,385,270541.19999999,1761125078024
1308,385,270624.09999999,1761125078107
1308,385,270697.5,1761125078180
1308,385,270775.89999999,1761125078258
1308,385,270859.09999999,1761125078342
1308,385,270941.19999999,1761125078424
1308,385,271029.39999999,1761125078512
1308,385,271109.39999999,1761125078592
1308,385,271191.19999999,1761125078674
1308,385,271274.5,1761125078757
1308,385,271360.39999999,1761125078843
1308,385,271439.8,1761125078922
1308,385,271529.59999999,1761125079012
1308,385,271607.5,1761125079090
1308,385,271705.8,1761125079188
1308,385,271776.5,1761125079259
1308,385,271860.8,1761125079343
1308,385,271935.09999999,1761125079418
1308,385,272032.39999999,1761125079515
1308,385,272103.39999999,1761125079586
1308,385,272194,1761125079677
1308,385,272273.3,1761125079756
1308,385,272352.19999999,1761125079835
1308,385,272424.5,1761125079907
1308,385,272507.09999999,1761125079990
1308,385,272578.69999999,1761125080061
1308,385,272658.39999999,1761125080141
1308,385,272734.19999999,1761125080217
1308,385,272808.5,1761125080291
1308,385,272890.19999999,1761125080373
1308,385,272957.69999999,1761125080440
1308,385,273041.3,1761125080524
1308,385,273123.69999999,1761125080606
1308,385,273196.5,1761125080679
1308,385,273279.19999999,1761125080762
1308,385,273356.89999999,1761125080839
1308,385,273443.5,1761125080926
1308,385,273522.69999999,1761125081005
1308,385,273601.39999999,1761125081084
1308,385,273676.89999999,1761125081160
1308,385,273761.59999999,1761125081244
1308,385,273841.89999999,1761125081324
1308,385,273929,1761125081411
1308,385,274010.69999999,1761125081493
1308,385,274093.89999999,1761125081576
1308,385,274175.69999999,1761125081658
1308,385,274261.19999999,1761125081744
1308,385,274337.89999999,1761125081820
1308,385,274414,1761125081897
1308,385,274489.89999999,1761125081972
1308,385,274562.8,1761125082045
1308,385,274691.3,1761125082174
1308,385,274769.8,1761125082252
1308,385,274842.19999999,1761125082325
1308,385,274918.09999999,1761125082401
1308,385,275015.69999999,1761125082498
1308,385,275110.89999999,1761125082594
1308,385,275201,1761125082684
1308,385,275295.59999999,1761125082778
1308,385,275381.5,1761125082864
1308,385,275470.5,1761125082953
1308,385,275556.39999999,1761125083039
1308,385,275634.19999999,1761125083117
1308,391,275706.8,1761125083189
1308,391,275826.8,1761125083309
1308,391,275905,1761125083388
1308,391,275990.59999999,1761125083473
1308,391,276059.59999999,1761125083542
1308,391,276143.8,1761125083626
1308,391,276221.8,1761125083704
1308,391,276298.5,1761125083781
1308,391,276372.89999999,1761125083855
1308,391,276445.59999999,1761125083928
1308,391,276522.5,1761125084005
1308,391,276592.09999999,1761125084075
1308,391,276676.5,1761125084159
1308,391,276762.59999999,1761125084245
1308,391,276838.19999999,1761125084321
1308,391,276916.8,1761125084399
1308,391,276987.59999999,1761125084470
1308,391,277058.89999999,1761125084541
1308,391,277139.5,1761125084622
1308,391,277208.3,1761125084691
1308,391,277291.39999999,1761125084774
1308,391,277373.69999999,1761125084856
1308,391,277455.5,1761125084938
1308,391,277523.89999999,1761125085006
1308,391,277603.3,1761125085086
1308,391,277681.5,1761125085164
1308,391,277759.69999999,1761125085242
1308,391,277839.89999999,1761125085322
1308,391,277910.8,1761125085393
1308,391,277992.3,1761125085475
1308,391,278076.89999999,1761125085560
1308,391,278157.39999999,1761125085640
1308,391,278242.59999999,1761125085725
1308,391,278322.59999999,1761125085805
1308,391,278394.09999999,1761125085877
1308,391,278470.19999999,1761125085953
1308,391,278552.5,1761125086035
1308,391,278638.8,1761125086121
1308,391,278731,1761125086214
1308,391,278809.39999999,1761125086292
1308,391,278890.09999999,1761125086373
1308,391,279009.09999999,1761125086492
1308,391,279087.19999999,1761125086570
1308,391,279161.69999999,1761125086644
1308,391,279243.69999999,1761125086726
1308,391,279320,1761125086803
1308,391,279392.59999999,1761125086875
1308,391,279472.19999999,1761125086955
1308,391,279543.19999999,1761125087026
1308,391,279618.5,1761125087101
1308,391,279691,1761125087174
1308,391,279772.19999999,1761125087255
1308,391,279857.5,1761125087340
1308,391,279929.69999999,1761125087412
1308,391,280005.39999999,1761125087488
1308,391,280076.5,1761125087559
1308,391,280152.3,1761125087635
1308,391,280238.5,1761125087721
1308,391,280309.59999999,1761125087792
1308,391,280385.89999999,1761125087868
1308,391,280466,1761125087949
1308,391,280539.5,1761125088022
1308,391,280613.69999999,1761125088096
1308,391,280687.59999999,1761125088170
1308,391,280759.89999999,1761125088242
1308,391,280838.19999999,1761125088321
1308,391,280909,1761125088392
1308,391,280990.8,1761125088473
1308,391,281070,1761125088552
1308,391,281139,1761125088622
1308,391,281219.39999999,1761125088702
1308,391,281292,1761125088775
1308,391,281373.39999999,1761125088856
1308,391,281458.39999999,1761125088941
1308,394,281547.59999999,1761125089030
1308,394,281620.39999999,1761125089103
1308,394,281691.3,1761125089174
1308,394,281774.59999999,1761125089257
1308,394,281848.89999999,1761125089331
1308,394,281924,1761125089407
1308,394,282034.8,1761125089517
1308,394,282129.59999999,1761125089612
1308,394,282200.89999999,1761125089683
1308,394,282280.89999999,1761125089763
1308,394,282357.8,1761125089840
1308,394,282431.5,1761125089914
1308,394,282503.89999999,1761125089986
1308,394,282575.3,1761125090058
1308,394,282674.3,1761125090157
1308,394,282742.19999999,1761125090225
1308,394,282822.5,1761125090305
1308,394,282906,1761125090389
1308,394,282985.19999999,1761125090468
1308,394,283056.59999999,1761125090539
1308,394,283140.59999999,1761125090623
1308,394,283222.39999999,1761125090705
1308,394,283308.5,1761125090791
1308,394,283392.69999999,1761125090875
1308,394,283492.59999999,1761125090975
1308,394,283569.5,1761125091052
1308,394,283661.3,1761125091144
1308,394,283748.19999999,1761125091231
1308,394,283822.69999999,1761125091305
1308,394,283907.3,1761125091390
1308,394,283992.59999999,1761125091475
1308,394,284074.09999999,1761125091557
1308,394,284158.5,1761125091641
1308,394,284239.69999999,1761125091722
1308,394,284311.39999999,1761125091794
1308,394,284385.69999999,1761125091868
1308,394,284470.89999999,1761125091953
1308,394,284542.3,1761125092025
1308,394,284624.39999999,1761125092107
1308,394,284707.69999999,1761125092190
1308,394,284784.39999999,1761125092267
1308,394,284856.59999999,1761125092339
1308,394,284931.69999999,1761125092414
1308,394,285005.09999999,1761125092488
1308,394,285077,1761125092560
1308,394,285165.59999999,1761125092648
1308,394,285237.59999999,1761125092720
1308,394,285305.8,1761125092788
1308,394,285390.09999999,1761125092873
1308,394,285475.19999999,1761125092958
1308,394,285554.39999999,1761125093037
1308,394,285628.19999999,1761125093111
1308,394,285708,1761125093191
1308,394,285791.69999999,1761125093274
1308,394,285872.69999999,1761125093355
1308,394,285954.89999999,1761125093437
1308,394,286036.8,1761125093519
1308,394,286107.8,1761125093590
1308,394,286192.59999999,1761125093675
1308,394,286271.89999999,1761125093754
1308,394,286357.8,1761125093840
1308,394,286438.39999999,1761125093921
1308,394,286525.8,1761125094008
1308,394,286615.8,1761125094098
1308,394,286687.3,1761125094170
1308,394,286762.59999999,1761125094245
1308,394,286842.89999999,1761125094325
1308,394,286919.89999999,1761125094402
1308,394,286993.19999999,1761125094476
1308,394,287069.3,1761125094552
1308,394,287137.8,1761125094620
1308,394,287226.09999999,1761125094709
1308,394,287299,1761125094782
1308,394,287371.39999999,1761125094854
1308,394,287441.3,1761125094924
1308,394,287521.3,1761125095004
1308,394,287605.5,1761125095088
1308,394,287676.09999999,1761125095159
1308,394,287754.8,1761125095237
1308,394,287825,1761125095308
1308,394,287905.3,1761125095388
1308,394,287992.39999999,1761125095475
1308,394,288074.5,1761125095557
1308,394,288159.09999999,1761125095642
1308,394,288239.39999999,1761125095722
1308,394,288310.09999999,1761125095793
1308,394,288387.69999999,1761125095870
1308,394,288475,1761125095958
1308,394,288558.69999999,1761125096041
1308,394,288640.59999999,1761125096123
1308,394,288720,1761125096203
1308,394,288791.89999999,1761125096274
1308,394,288873.69999999,1761125096356
1308,394,288940.5,1761125096423
1308,394,289022.09999999,1761125096505
1308,394,289105.09999999,1761125096588
1308,394,289172.09999999,1761125096655
1308,394,289251.8,1761125096734
1308,394,289343.39999999,1761125096826
1308,394,289424.89999999,1761125096907
1308,394,289507.59999999,1761125096990
1308,394,289587.3,1761125097070
1308,394,289662.8,1761125097145
1308,394,289743.3,1761125097226
1308,394,289815.39999999,1761125097298
1308,394,289888.39999999,1761125097371
1308,394,289969.89999999,1761125097452
1308,394,290057,1761125097540
1308,394,290129.5,1761125097612
1308,394,290203.59999999,1761125097686
1308,394,290272.59999999,1761125097755
1308,394,290355.8,1761125097838
1308,394,290445.39999999,1761125097928
1308,394,290522.8,1761125098005
1308,394,290596.09999999,1761125098079
1308,394,290670.3,1761125098153
1308,394,290744.3,1761125098227
1308,394,290818.19999999,1761125098301
1308,394,290907,1761125098390
1308,394,291005.8,1761125098488
1308,394,291076.39999999,1761125098559
1308,394,291151.5,1761125098634
1308,394,291235.3,1761125098718
1308,394,291320.39999999,1761125098803
1308,394,291394.59999999,1761125098877
1308,394,291474.39999999,1761125098957
1308,394,291554.3,1761125099037
1308,394,291628.09999999,1761125099111
1308,394,291705.19999999,1761125099188
1308,394,291775,1761125099258
1308,394,291859.59999999,1761125099342
1308,394,291942.19999999,1761125099425
1308,394,292043.69999999,1761125099526
1308,394,292130.8,1761125099613
1308,394,292203.5,1761125099686
1308,394,292275.59999999,1761125099758
1308,394,292368.39999999,1761125099851
1308,394,292468.09999999,1761125099951
1308,394,292542.5,1761125100025
1308,394,292623.3,1761125100106
1308,394,292695.39999999,1761125100178
1308,394,292773.09999999,1761125100256
1308,394,292856.69999999,1761125100339
1308,394,292942.3,1761125100425
1308,394,293023.89999999,1761125100506
1308,394,293118.09999999,1761125100601
1308,394,293188.8,1761125100671
1308,394,293279.89999999,1761125100762
1308,394,293354,1761125100837
1308,394,293423.89999999,1761125100906
1308,394,293508.8,1761125100991
1308,394,293591.3,1761125101074
1308,394,293670.5,1761125101153
1308,394,293748.5,1761125101231
1308,394,293825.5,1761125101308
1308,394,293896.59999999,1761125101379
1308,394,293964.89999999,1761125101447
1308,394,294062.09999999,1761125101545
1308,406,294154.59999999,1761125101637
1297,444,294234.39999999,1761125101717
1294,457,294313.3,1761125101796
1263,486,294395.59999999,1761125101878
1242,499,294480.09999999,1761125101963
1236,507,294566.39999999,1761125102049
1233,508,294659.5,1761125102142
1233,514,294746.09999999,1761125102229
1233,514,294831.3,1761125102314
1233,514,294913.89999999,1761125102396
1233,514,294997.3,1761125102480
1233,514,295081.09999999,1761125102564
1291,514,295167,1761125102650
1306,514,295254.19999999,1761125102737
1314,513,295340.3,1761125102823
1338,513,295429.19999999,1761125102912
1338,513,295513.69999999,1761125102996
1338,513,295599.89999999,1761125103082
1338,513,295678.19999999,1761125103161
1338,513,295750.8,1761125103233
1338,513,295826.69999999,1761125103309
1338,513,295908.19999999,1761125103391
1338,513,295985.19999999,1761125103468
1338,513,296062.59999999,1761125103545
1338,513,296154.09999999,1761125103637
1338,513,296228.5,1761125103711
1338,513,296302.5,1761125103785
1338,513,296375.09999999,1761125103858
1324,522,296460.39999999,1761125103943
1297,532,296544.3,1761125104027
1260,543,296633.8,1761125104116
1236,550,296715.69999999,1761125104198
1222,561,296794.59999999,1761125104277
1222,561,296876.89999999,1761125104359
1216,565,296962.8,1761125104445
1212,565,297047,1761125104530
1168,568,297137.19999999,1761125104620
1123,570,297221.59999999,1761125104704
1099,570,297307.09999999,1761125104790
1056,570,297396.39999999,1761125104879
1044,570,297485.8,1761125104968
1042,570,297571,1761125105053
1026,567,297660.09999999,1761125105143
1026,567,297740.19999999,1761125105223
1026,567,297817.19999999,1761125105300
1026,567,297903.19999999,1761125105386
1026,567,298012.09999999,1761125105495
1026,567,298097.69999999,1761125105580
1011,588,298181.59999999,1761125105664
970,651,298268.8,1761125105751
954,672,298354.59999999,1761125105837
949,682,298442.69999999,1761125105925
949,700,298528.3,1761125106011
949,700,298607.5,1761125106090
949,700,298680.19999999,1761125106163
949,700,298761.19999999,1761125106244
949,700,298850.5,1761125106333
949,699,298947.19999999,1761125106430
949,699,299042.19999999,1761125106525
949,699,299134.3,1761125106617
949,699,299221.8,1761125106704
949,699,299302.09999999,1761125106785
949,691,299423.69999999,1761125106906
949,691,299507.69999999,1761125106990
949,691,299595.69999999,1761125107078
949,691,299677.69999999,1761125107160
949,691,299767.69999999,1761125107250
949,691,299844.5,1761125107327
949,691,299928,1761125107411
949,691,300017.69999999,1761125107500
991,676,300103.3,1761125107586
1048,657,300187.39999999,1761125107670
1048,657,300266.5,1761125107749
1048,657,300346.59999999,1761125107829
1048,657,300433.09999999,1761125107916
1048,657,300525.5,1761125108008
1048,657,300608.19999999,1761125108091
1048,657,300690,1761125108173
1048,657,300799.59999999,1761125108282
1048,657,300893.3,1761125108376
1048,657,300968,1761125108450
1048,657,301046,1761125108529
1048,657,301123.39999999,1761125108606
1048,657,301206.8,1761125108689
1048,657,301290.3,1761125108773
1048,657,301379.69999999,1761125108862
1048,657,301458,1761125108941
1048,657,301541.5,1761125109024
1048,657,301625.59999999,1761125109108
1048,657,301707.3,1761125109190
1048,657,301790.09999999,1761125109273
1048,657,301871.8,1761125109354
1048,657,301955.19999999,1761125109438
1048,657,302039.3,1761125109522
1048,657,302127.5,1761125109610
1048,657,302208.09999999,1761125109691
1048,657,302285.5,1761125109768
1048,657,302378,1761125109861
1048,657,302458.8,1761125109941
1048,657,302540.3,1761125110023
1048,657,302631,1761125110114
1048,657,302711.89999999,1761125110194
1048,657,302794.69999999,1761125110277
1048,657,302876.59999999,1761125110359
1048,657,302953,1761125110435
1048,657,303039.59999999,1761125110522
1048,657,303140.8,1761125110623
1048,657,303224.5,1761125110707
1048,657,303311.69999999,1761125110794
1048,657,303395.39999999,1761125110878
1048,657,303468.5,1761125110951
1048,657,303553.09999999,1761125111036
1048,589,303635.69999999,1761125111118
1000,505,303717.3,1761125111200
775,433,303804.5,1761125111287
618,388,303890.09999999,1761125111373
502,351,303976.19999999,1761125111459
496,348,304065.5,1761125111548
489,328,304152.3,1761125111635
486,306,304239.8,1761125111722
486,303,304330.59999999,1761125111813
486,303,304411,1761125111894
486,303,304493.89999999,1761125111976
486,303,304587.19999999,1761125112070
486,303,304692.8,1761125112175
486,303,304785.5,1761125112268
486,303,304866.39999999,1761125112349
486,303,304944.89999999,1761125112427
486,303,305025.69999999,1761125112508
486,303,305106.69999999,1761125112589
486,303,305181,1761125112664
486,303,305259.3,1761125112742
486,303,305340,1761125112823
486,303,305427,1761125112910
486,303,305508.3,1761125112991
486,303,305592.3,1761125113075
486,303,305672.3,1761125113155
486,303,305745.09999999,1761125113228
486,303,305819.5,1761125113302
486,303,305905.8,1761125113388
486,303,305987.8,1761125113470
486,303,306077,1761125113560
486,303,306155.5,1761125113638
486,303,306237.3,1761125113720
486,303,306321.19999999,1761125113804
486,303,306405.8,1761125113888
486,303,306487.5,1761125113970
486,303,306575,1761125114058
486,303,306656,1761125114139
486,303,306736.8,1761125114219
486,303,306824.5,1761125114307
486,303,306905.69999999,1761125114388
486,303,306989.69999999,1761125114472
486,303,307077.3,1761125114560
486,303,307155.5,1761125114638
486,303,307237.8,1761125114720
486,303,307322,1761125114805
486,303,307408.8,1761125114891
486,303,307489.59999999,1761125114972
486,303,307575.5,1761125115058
486,303,307653.19999999,1761125115136
486,303,307744.5,1761125115227
486,303,307841,1761125115324
486,303,307911.89999999,1761125115394
486,303,307991.59999999,1761125115474
486,303,308072.59999999,1761125115555
486,303,308157.3,1761125115640
486,303,308241.8,1761125115724
486,303,308325,1761125115808
486,303,308401.69999999,1761125115884
486,303,308490.59999999,1761125115973
486,303,308579.19999999,1761125116062
486,303,308656.5,1761125116139
486,303,308744,1761125116227
486,303,308832.69999999,1761125116315
486,303,308902.89999999,1761125116385
486,303,309012.8,1761125116495
486,303,309105.59999999,1761125116588
486,303,309176.09999999,1761125116659
486,303,309289.3,1761125116772
486,303,309365.8,1761125116848
486,303,309439.89999999,1761125116922
486,303,309526.59999999,1761125117009
486,303,309610,1761125117092
486,303,309690.89999999,1761125117173
486,303,309763.8,1761125117246
486,303,309838.89999999,1761125117321
486,303,309912.89999999,1761125117395
486,303,309992.5,1761125117475
486,303,310073.59999999,1761125117556
486,303,310156.59999999,1761125117639
486,303,310243.59999999,1761125117726
486,303,310322.09999999,1761125117805
486,303,310418.19999999,1761125117901
486,303,310502.09999999,1761125117985
486,303,310594.59999999,1761125118077
486,303,310671.19999999,1761125118154
486,303,310757.39999999,1761125118240
486,303,310843.8,1761125118326
486,303,310922.8,1761125118405
486,303,311004.5,1761125118487
486,303,311082,1761125118565
486,303,311150,1761125118633
486,303,311246.89999999,1761125118729
486,303,311321.3,1761125118804
486,303,311389.3,1761125118872
486,303,311471.39999999,1761125118954
486,303,311559.59999999,1761125119042
486,303,311636.5,1761125119119
486,303,311724.5,1761125119207
486,303,311805.39999999,1761125119288
486,303,311879,1761125119362
486,303,311961.59999999,1761125119444
486,303,312034.09999999,1761125119517
486,303,312105.39999999,1761125119588
486,303,312191.59999999,1761125119674
486,303,312281.89999999,1761125119764
486,303,312376.39999999,1761125119859
486,303,312452,1761125119935
486,303,312541.5,1761125120024
486,303,312626.8,1761125120109
486,303,312705.89999999,1761125120188
486,303,312780.3,1761125120263
486,303,312856.8,1761125120339
486,303,312935.3,1761125120418
486,303,313005.09999999,1761125120488
486,303,313089.5,1761125120572
486,303,313172,1761125120655
486,303,313254.39999999,1761125120737
486,303,313334.89999999,1761125120818
486,303,313424.59999999,1761125120907
486,303,313505.3,1761125120988
486,303,313586.39999999,1761125121069
486,303,313668.5,1761125121151
486,303,313752.5,1761125121235
486,303,313839,1761125121322
486,303,313913.3,1761125121396
486,303,313990.69999999,1761125121473
486,303,314072.39999999,1761125121555
486,303,314145.09999999,1761125121628
486,303,314229.59999999,1761125121712
486,303,314300.89999999,1761125121783
486,303,314375.19999999,1761125121858
486,303,314456.5,1761125121939
486,303,314539.69999999,1761125122022
486,303,314627.89999999,1761125122110
486,303,314705.39999999,1761125122188
486,303,314774.69999999,1761125122257
486,303,314853.39999999,1761125122336
486,303,314939.89999999,1761125122422
486,303,315022.5,1761125122505
486,303,315106.8,1761125122589
486,303,315181,1761125122664
486,303,315252.19999999,1761125122735
486,303,315337.39999999,1761125122820
486,303,315423.09999999,1761125122906
486,303,315508.39999999,1761125122991
486,303,315590.5,1761125123073
486,303,315672.8,1761125123155
486,303,315754.09999999,1761125123237
486,303,315841.59999999,1761125123324
486,303,315922.5,1761125123405
486,303,316006.5,1761125123489
486,303,316089.59999999,1761125123572
486,303,316171.89999999,1761125123654
486,303,316251.59999999,1761125123734
486,303,316338.39999999,1761125123821
486,303,316419.3,1761125123902
486,303,316503.8,1761125123986
486,303,316576,1761125124059
486,303,316659.19999999,1761125124142
486,303,316737.8,1761125124220
486,303,316828.19999999,1761125124311
486,303,316903.3,1761125124386
486,303,316989.3,1761125124472
486,303,317076.5,1761125124559
486,303,317154.8,1761125124637
486,303,317234.3,1761125124717
486,303,317327.5,1761125124810
486,303,317402.3,1761125124885
486,303,317496,1761125124979
486,303,317568,1761125125051
486,303,317639.89999999,1761125125123
486,303,317718,1761125125201
486,303,317815.59999999,1761125125298
486,303,317890.09999999,1761125125373
486,303,317972.09999999,1761125125455
486,303,318061.19999999,1761125125544
486,303,318134.59999999,1761125125617
486,303,318220.8,1761125125703
486,303,318304.89999999,1761125125787
486,303,318373.8,1761125125856
486,303,318453.3,1761125125936
486,303,318534.8,1761125126017
486,303,318622.09999999,1761125126105
486,303,318704.59999999,1761125126187
486,303,318775.09999999,1761125126258
486,303,318889.3,1761125126372
486,303,318986.59999999,1761125126469
486,303,319078.3,1761125126561
486,303,319166.59999999,1761125126649
486,303,319242.69999999,1761125126725
486,303,319319.5,1761125126802
486,303,319426.19999999,1761125126909
486,303,319508.69999999,1761125126991
486,303,319592.89999999,1761125127076
486,303,319668.19999999,1761125127151
486,303,319740.69999999,1761125127223
486,303,319826.19999999,1761125127309
486,303,319909.69999999,1761125127392
486,303,319985.3,1761125127468
486,303,320073.5,1761125127556
486,303,320155.3,1761125127638
486,303,320246.89999999,1761125127729
486,303,320320.3,1761125127803
486,303,320400.39999999,1761125127883
486,303,320487.3,1761125127970
486,303,320571.89999999,1761125128054
486,303,320652.89999999,1761125128135
486,303,320739.3,1761125128222
486,303,320818.89999999,1761125128301
486,303,320908.5,1761125128391
486,303,320990.3,1761125128473
486,303,321073.09999999,1761125128556
486,303,321143.09999999,1761125128626
486,303,321220.69999999,1761125128703
486,303,321305.5,1761125128788
486,303,321384.8,1761125128867
486,303,321471.5,1761125128954
486,303,321553,1761125129036
486,303,321635.3,1761125129118
486,303,321723.69999999,1761125129206
486,303,321805.3,1761125129288
486,303,321895,1761125129378
486,303,321969.19999999,1761125129452
486,303,322056.8,1761125129539
486,303,322137.39999999,1761125129620
486,303,322223.8,1761125129706
486,303,322302.59999999,1761125129785
486,303,322388.8,1761125129871
486,303,322472.39999999,1761125129955
486,303,322556.69999999,1761125130039
486,303,322641.89999999,1761125130125
486,303,322723,1761125130206
486,303,322807.89999999,1761125130290
486,303,322889.39999999,1761125130372
486,303,322971,1761125130454
486,303,323057.09999999,1761125130540
486,303,323135.8,1761125130618
486,303,323219.89999999,1761125130702
486,303,323307.19999999,1761125130790
486,303,323393.3,1761125130876
486,303,323473.3,1761125130956
486,303,323558.69999999,1761125131041
486,303,323639.19999999,1761125131122
486,303,323724,1761125131206
486,303,323806.39999999,1761125131289
486,303,323878.8,1761125131361
486,303,323956.5,1761125131439
486,303,324027.3,1761125131510
486,303,324104.69999999,1761125131587
486,303,324185.19999999,1761125131668
486,303,324271.69999999,1761125131754
486,303,324356,1761125131839
486,303,324435.09999999,1761125131918
486,303,324522.69999999,1761125132005
486,303,324613.39999999,1761125132096
486,303,324687.3,1761125132170
486,303,324770,1761125132253
486,303,324845.39999999,1761125132328
486,303,324922.39999999,1761125132405
486,303,324990.59999999,1761125132473
486,303,325074.89999999,1761125132557
486,303,325153.69999999,1761125132636
486,303,325225.39999999,1761125132708
486,303,325310.69999999,1761125132793
486,303,325388.3,1761125132871
486,303,325464.3,1761125132947
486,303,325538.59999999,1761125133021
486,303,325612.89999999,1761125133095
486,303,325688.69999999,1761125133171
486,303,325772.69999999,1761125133255
486,303,325849.89999999,1761125133332
486,303,325925,1761125133408
486,303,326004.09999999,1761125133487
486,303,326086.09999999,1761125133569
486,303,326173.39999999,1761125133656
486,303,326255,1761125133738
486,303,326339,1761125133822
486,303,326420.8,1761125133903
486,303,326488.89999999,1761125133971
486,303,326572.09999999,1761125134055
486,303,326658.5,1761125134141
486,303,326737.8,1761125134220
486,303,326821.09999999,1761125134304
598,319,326913.89999999,1761125134396
874,343,326991.89999999,1761125134474
1183,342,327074.5,1761125134557
1467,327,327163.89999999,1761125134646
1536,327,327247.3,1761125134730
1659,316,327334,1761125134817
1726,306,327417.8,1761125134900
1774,301,327505.39999999,1761125134988
1795,298,327599.09999999,1761125135082
1824,300,327694.8,1761125135177
1837,301,327787.39999999,1761125135270
1837,301,327873,1761125135356
1837,301,327970.69999999,1761125135453
1837,301,328061.5,1761125135544
1837,301,328160.19999999,1761125135643
1837,301,328243.09999999,1761125135726
1794,310,328333.59999999,1761125135816
1747,325,328416.89999999,1761125135900
1743,327,328497.5,1761125135980
1743,327,328575.3,1761125136058
1743,327,328653.59999999,1761125136136
1743,327,328732.69999999,1761125136215
1743,327,328809.3,1761125136292
1743,327,328887,1761125136370
1743,327,328976,1761125136459
1743,327,329060.19999999,1761125136543
1743,327,329135.39999999,1761125136618
1743,327,329214,1761125136697
1743,327,329317.39999999,1761125136800
1743,327,329389.8,1761125136872
1692,327,329480.09999999,1761125136963
1614,337,329558.3,1761125137041
1612,337,329639.5,1761125137122
1612,337,329720.8,1761125137203
1612,337,329813.19999999,1761125137296
1612,337,329890.39999999,1761125137373
1612,337,329969.8,1761125137452
1612,337,330048.39999999,1761125137531
1612,337,330122.69999999,1761125137605
1612,337,330209.5,1761125137692
1612,337,330292.59999999,1761125137775
1612,337,330373.69999999,1761125137856
1612,337,330453.3,1761125137936
1612,337,330529.8,1761125138012
1612,337,330603.5,1761125138086
1612,337,330691.5,1761125138174
1612,337,330773.3,1761125138256
1612,337,330854.3,1761125138337
1612,337,330935.5,1761125138418
1612,337,331024.39999999,1761125138507
1612,337,331104.59999999,1761125138587
1612,337,331193.39999999,1761125138676
1612,337,331270.39999999,1761125138753
1612,337,331345.39999999,1761125138828
1612,337,331416.39999999,1761125138899
1612,337,331484.59999999,1761125138967
1612,337,331574.5,1761125139057
1612,337,331658.3,1761125139141
1612,337,331740.5,1761125139223
1612,337,331821.09999999,1761125139304
1612,337,331905.8,1761125139388
1612,337,331991.8,1761125139474
1612,337,332067.59999999,1761125139550
1612,337,332157.39999999,1761125139640
1612,337,332238,1761125139721
1612,337,332322.19999999,1761125139805
1612,337,332409.39999999,1761125139892
1612,337,332491,1761125139974
1612,337,332577.19999999,1761125140060
1612,337,332657,1761125140140
1612,337,332740.09999999,1761125140223
1612,337,332821.09999999,1761125140304
1612,337,332909.3,1761125140392
1612,337,332991.69999999,1761125140474
1612,337,333074.69999999,1761125140557
1612,337,333158.3,1761125140641
1612,337,333232.69999999,1761125140715
1612,337,333329.5,1761125140812
1612,337,333402,1761125140885
1612,337,333488.5,1761125140971
1612,337,333571.39999999,1761125141054
1612,337,333660.5,1761125141143
1612,337,333736.69999999,1761125141219
1612,337,333807.39999999,1761125141290
1612,337,333886.19999999,1761125141369
1612,337,333958.59999999,1761125141441
1612,337,334042.69999999,1761125141525
1612,337,334120.39999999,1761125141603
1612,337,334207.69999999,1761125141690
1612,337,334288.8,1761125141771
1612,337,334371.39999999,1761125141854
1612,337,334457,1761125141940
1612,337,334537.59999999,1761125142020
1612,337,334613.09999999,1761125142096
1612,337,334688.89999999,1761125142171
1612,337,334771.09999999,1761125142254
1612,337,334844,1761125142327
1612,337,334922.39999999,1761125142405
1612,337,335007.39999999,1761125142490
1612,337,335089.89999999,1761125142572
1612,337,335174.59999999,1761125142657
1612,337,335254.3,1761125142737
1612,337,335338.3,1761125142821
1612,337,335424.5,1761125142907
1612,337,335499.8,1761125142982
1612,337,335588.5,1761125143071
1612,337,335670.69999999,1761125143153
1612,337,335744,1761125143227
1612,337,335818.89999999,1761125143301
1612,337,335905.19999999,1761125143388
1612,337,335988,1761125143471
1612,337,336074.09999999,1761125143557
1612,337,336160.09999999,1761125143643
1612,337,336237.5,1761125143720
1612,337,336309.8,1761125143792
1612,337,336389.09999999,1761125143872
1612,337,336468.59999999,1761125143951
1612,337,336543,1761125144026
1612,337,336620,1761125144103
1612,337,336691.39999999,1761125144174
1612,337,336771.3,1761125144254
1612,337,336858.59999999,1761125144341
1612,337,336946.5,1761125144429
1612,337,337020.5,1761125144503
1612,337,337090.59999999,1761125144573
1612,337,337169.8,1761125144652
1612,337,337256.89999999,1761125144739
1612,337,337356.59999999,1761125144839
1612,337,337435.59999999,1761125144918
1612,337,337523.19999999,1761125145006
1612,337,337605.89999999,1761125145088
1612,337,337686.39999999,1761125145169
1612,337,337770.8,1761125145253
1612,337,337849.89999999,1761125145333
1612,337,337922.8,1761125145405
1612,337,338011.8,1761125145494
1612,337,338093.5,1761125145576
1612,337,338171.3,1761125145654
1612,337,338243.09999999,1761125145726
1612,337,338318.69999999,1761125145801
1612,337,338399.89999999,1761125145882
1612,337,338472.5,1761125145955
1612,337,338553.19999999,1761125146036
1612,337,338636.8,1761125146119
1612,337,338710.69999999,1761125146193
1612,337,338787.69999999,1761125146270
1612,337,338856.59999999,1761125146339
1612,337,338933.09999999,1761125146416
1612,337,339022.09999999,1761125146505
1612,337,339131.59999999,1761125146614
1612,337,339205.8,1761125146688
1612,337,339292.3,1761125146775
1612,337,339372.09999999,1761125146855
1612,337,339460.39999999,1761125146943
1612,337,339537.59999999,1761125147020
1612,337,339623.8,1761125147106
1612,337,339704,1761125147187
1612,337,339792.19999999,1761125147275
1612,337,339870.5,1761125147353
1612,337,339954.89999999,1761125147437
1612,337,340039.39999999,1761125147522
1612,337,340119.89999999,1761125147602
1612,337,340196.3,1761125147679
1612,337,340275.09999999,1761125147758
1612,337,340352.3,1761125147835
1612,337,340437.5,1761125147920
1612,337,340521.39999999,1761125148004
1612,337,340590.59999999,1761125148073
1612,337,340670.59999999,1761125148153
1612,337,340740.89999999,1761125148223
1612,337,340823.39999999,1761125148306
1612,337,340914.39999999,1761125148397
1612,337,340994.3,1761125148477
1612,337,341072.09999999,1761125148555
1612,337,341155.5,1761125148638
1612,337,341239.8,1761125148722
1612,337,341323.09999999,1761125148806
1612,337,341406.39999999,1761125148889
1612,337,341488.39999999,1761125148971
1612,337,341572.3,1761125149055
1612,337,341656.89999999,1761125149139
1612,337,341737.09999999,1761125149220
1612,337,341822.09999999,1761125149305
1612,337,341905.19999999,1761125149388
1612,337,341982.8,1761125149465
1612,337,342071.39999999,1761125149554
1612,337,342153.5,1761125149636
1612,337,342224.5,1761125149707
1612,337,342304.5,1761125149787
1612,337,342386,1761125149869
1612,337,342458.19999999,1761125149941
1612,337,342537.3,1761125150020
1612,337,342611.09999999,1761125150094
1612,337,342687.39999999,1761125150170
1612,337,342770.59999999,1761125150253
1612,337,342846,1761125150329
1612,337,342924.69999999,1761125150407
1612,337,343003.19999999,1761125150486
1612,337,343091.3,1761125150574
1612,337,343169.39999999,1761125150652
1612,337,343250.39999999,1761125150733
1612,337,343334.89999999,1761125150817
1612,337,343408.09999999,1761125150891
1612,337,343486.5,1761125150969
1612,337,343571.5,1761125151054
1612,337,343662.5,1761125151145
1612,337,343735.39999999,1761125151218
1612,337,343808.69999999,1761125151291
1612,337,343891.19999999,1761125151374
1612,337,343969.5,1761125151452
1612,337,344043,1761125151526
1612,337,344118.39999999,1761125151601
1612,337,344189.59999999,1761125151672
1612,337,344270.19999999,1761125151753
1612,337,344357.69999999,1761125151840
1612,337,344437.59999999,1761125151920
1612,337,344518.3,1761125152001
1612,337,344602,1761125152085
1612,337,344672.5,1761125152155
1612,337,344757.39999999,1761125152240
1612,337,344837.69999999,1761125152320
1612,337,344923.89999999,1761125152406
1612,337,345004.09999999,1761125152487
1612,337,345073.39999999,1761125152556
1612,337,345152.69999999,1761125152635
1612,337,345222.19999999,1761125152705
1612,337,345310.39999999,1761125152793
1612,337,345393,1761125152876
1612,337,345468,1761125152951
1612,337,345537.69999999,1761125153020
1612,337,345624.3,1761125153107
1612,337,345698.19999999,1761125153181
1612,337,345782.59999999,1761125153265
1612,337,345880.09999999,1761125153363
1612,337,345950.59999999,1761125153433
1612,337,346045.09999999,1761125153528
1612,337,346121.39999999,1761125153604
1612,337,346212.5,1761125153695
1612,337,346288.89999999,1761125153771
1612,337,346372.39999999,1761125153855
1612,337,346454,1761125153937
1612,337,346535,1761125154018
1612,337,346622.69999999,1761125154105
1612,337,346704.5,1761125154187
1612,337,346787.09999999,1761125154270
1612,337,346875.3,1761125154358
1612,337,346953.39999999,1761125154436
1612,337,347025.19999999,1761125154508
1612,337,347104.69999999,1761125154587
1612,337,347186.8,1761125154669
1612,337,347271.3,1761125154754
1612,337,347352,1761125154835
1612,337,347422.09999999,1761125154905
1612,337,347501.8,1761125154984
1612,337,347570.59999999,1761125155053
1612,337,347650.3,1761125155133
1612,337,347735.39999999,1761125155218
1612,337,347807.59999999,1761125155290
1612,337,347886,1761125155369
1612,337,347953.89999999,1761125155436
1612,337,348036.09999999,1761125155519
1612,337,348118.69999999,1761125155601
1612,337,348194.09999999,1761125155677
1612,337,348266.19999999,1761125155749
1612,337,348335.69999999,1761125155818
1612,337,348417.69999999,1761125155900
1612,337,348503.3,1761125155986
1612,337,348576.69999999,1761125156059
1612,337,348654.19999999,1761125156137
1612,337,348733.39999999,1761125156216
1612,337,348818.59999999,1761125156301
1612,337,348906,1761125156389
1612,337,348977.59999999,1761125156460
1612,337,349055.09999999,1761125156538
1612,337,349139,1761125156622
1612,337,349211.19999999,1761125156694
1612,337,349284.89999999,1761125156768
1612,337,349381.69999999,1761125156864
1612,337,349453.69999999,1761125156936
1612,337,349539.09999999,1761125157022
1612,337,349624.39999999,1761125157107
1612,337,349708.3,1761125157191
1612,337,349787.69999999,1761125157270
1612,337,349877.8,1761125157360
1612,337,349950.19999999,1761125157433
1612,337,350023.3,1761125157506
1612,337,350108,1761125157591
1612,337,350189.09999999,1761125157672
1612,337,350270.19999999,1761125157753
1612,337,350361.19999999,1761125157844
1612,337,350432.8,1761125157915
1612,337,350527,1761125158010
1612,337,350607,1761125158090
1612,337,350687.89999999,1761125158170
1612,337,350772.69999999,1761125158255
1612,337,350849.89999999,1761125158332
1612,337,350936.5,1761125158419
1612,337,351026.19999999,1761125158509
1612,337,351103.89999999,1761125158586
1612,337,351186.8,1761125158669
1612,337,351256.39999999,1761125158739
1612,337,351330.89999999,1761125158813
1612,337,351421.59999999,1761125158904
1612,337,351503.09999999,1761125158986
1612,337,351576.69999999,1761125159059
1612,337,351661,1761125159144
1612,337,351755.3,1761125159238
1612,337,351848.5,1761125159331
1612,337,351924.8,1761125159407
1612,337,352020.19999999,1761125159503
1612,337,352119.39999999,1761125159602
1612,337,352202.39999999,1761125159685
1612,337,352272.19999999,1761125159755
1612,337,352351.69999999,1761125159834
1612,337,352430.5,1761125159913
1612,337,352502.8,1761125159985
1612,337,352583,1761125160066
1612,337,352673.09999999,1761125160156
1612,337,352755,1761125160238
1612,337,352836.19999999,1761125160319
1612,337,352920.69999999,1761125160403
1612,337,353004.19999999,1761125160487
1612,337,353072.89999999,1761125160555
1612,337,353150.89999999,1761125160634
1612,337,353246.3,1761125160729
1612,337,353320.19999999,1761125160803
1612,337,353400.39999999,1761125160883
1612,337,353486.89999999,1761125160969
1612,337,353561.09999999,1761125161044
1612,337,353637.8,1761125161120
1612,337,353705.09999999,1761125161188
1612,337,353785.69999999,1761125161268
1612,337,353871.59999999,1761125161354
1612,337,353951.69999999,1761125161434
1612,337,354021.39999999,1761125161504
1612,337,354101.39999999,1761125161584
1612,337,354178,1761125161661
1612,337,354251.89999999,1761125161734
1612,337,354321.59999999,1761125161804
1612,337,354402.59999999,1761125161885
1612,337,354485.89999999,1761125161968
1612,337,354559.89999999,1761125162042
1612,337,354637.09999999,1761125162120
1612,337,354707.09999999,1761125162190
1612,337,354810.3,1761125162293
1612,337,354885.5,1761125162368
1612,337,354977.3,1761125162460
1612,337,355055.89999999,1761125162538
1612,337,355136.5,1761125162619
1612,337,355210.3,1761125162693
1612,337,355287.59999999,1761125162770
1612,337,355370.19999999,1761125162853
1612,337,355448.3,1761125162931
1612,337,355520.39999999,1761125163003
1612,337,355603.8,1761125163086
1612,337,355688.69999999,1761125163171
1612,337,355770.8,1761125163253
1612,337,355844.3,1761125163327
1612,337,355921.19999999,1761125163404
1612,337,356004.5,1761125163487
1612,337,356080.19999999,1761125163563
1612,337,356153.89999999,1761125163637
1612,337,356234.39999999,1761125163717
1612,337,356323.5,1761125163806
1612,337,356405.3,1761125163888
1612,337,356489.09999999,1761125163972
1612,337,356570.8,1761125164053
1612,337,356654.09999999,1761125164137
1612,337,356740.5,1761125164223
1612,337,356826.8,1761125164309
1612,337,356901.39999999,1761125164384
1612,337,356994.3,1761125164477
1612,337,357069.69999999,1761125164552
1612,337,357154.19999999,1761125164637
1612,337,357235.19999999,1761125164718
1612,337,357307.69999999,1761125164790
1612,337,357385.8,1761125164868
1612,337,357453.8,1761125164936
1612,337,357534.59999999,1761125165017
1612,337,357618.69999999,1761125165101
1612,337,357688.59999999,1761125165171
1596,369,357769.8,1761125165252
1575,382,357860.3,1761125165343
1516,397,357941.19999999,1761125165424
1422,405,358022,1761125165505
1230,403,358107.09999999,1761125165590
1065,387,358193.3,1761125165676
844,364,358281.8,1761125165764
703,358,358369.8,1761125165852
592,358,358455.39999999,1761125165938
591,358,358546.09999999,1761125166029
591,358,358630.5,1761125166113
591,358,358714.19999999,1761125166197
588,358,358808.89999999,1761125166291
586,355,358897.09999999,1761125166380
586,348,358989.39999999,1761125166472
586,348,359071.59999999,1761125166554
586,348,359160.09999999,1761125166643
586,348,359241.09999999,1761125166724
586,348,359322.8,1761125166805
586,348,359397.69999999,1761125166880
586,348,359470.89999999,1761125166953
586,348,359557.89999999,1761125167040
586,348,359645.5,1761125167128
586,348,359722.09999999,1761125167205
586,348,359806.8,1761125167289
586,348,359890.8,1761125167373
586,348,359970.89999999,1761125167453
586,348,360047.69999999,1761125167530
586,348,360121,1761125167604
586,348,360189.19999999,1761125167672
586,348,360269.09999999,1761125167752
586,348,360355.69999999,1761125167838
586,348,360435.3,1761125167918
586,348,360509.5,1761125167992
586,348,360590.3,1761125168073
586,348,360672.89999999,1761125168155
586,348,360755.39999999,1761125168238
586,348,360839.8,1761125168322
586,348,360924.3,1761125168407
586,348,360998.19999999,1761125168481
586,348,361081.8,1761125168564
586,348,361178.3,1761125168661
586,348,361254.09999999,1761125168737
586,348,361341.3,1761125168824
586,348,361420.5,1761125168903
586,348,361504.09999999,1761125168987
586,348,361586,1761125169069
586,348,361669.3,1761125169152
586,348,361753.39999999,1761125169236
586,348,361837.09999999,1761125169320
586,348,361925.89999999,1761125169408
586,348,362003.5,1761125169486
586,348,362076.09999999,1761125169559
586,348,362157.19999999,1761125169640
586,348,362240.19999999,1761125169723
586,348,362319.59999999,1761125169802
586,348,362403.69999999,1761125169886
586,348,362484.09999999,1761125169967
586,348,362569.39999999,1761125170052
586,348,362652.09999999,1761125170135
586,348,362740.5,1761125170223
586,348,362815.19999999,1761125170298
586,348,362900.8,1761125170383
586,348,362986.89999999,1761125170469
586,348,363058.09999999,1761125170541
586,348,363137.09999999,1761125170620
586,348,363209.5,1761125170692
586,348,363283.89999999,1761125170766
586,348,363370.09999999,1761125170853
586,348,363442.09999999,1761125170925
586,348,363520.59999999,1761125171003
586,348,363603.89999999,1761125171087
586,348,363677.09999999,1761125171160
586,348,363750.8,1761125171233
586,348,363832.69999999,1761125171315
586,348,363922.3,1761125171405
586,348,364001.89999999,1761125171484
586,348,364090.8,1761125171573
586,348,364171.8,1761125171654
586,348,364256.39999999,1761125171739
586,348,364336.69999999,1761125171819
586,348,364419.69999999,1761125171902
586,348,364507.3,1761125171990
586,348,364586.19999999,1761125172069
586,348,364661.39999999,1761125172144
586,348,364736.3,1761125172219
586,348,364826.69999999,1761125172309
586,348,364902.5,1761125172385
586,348,364987.39999999,1761125172470
586,348,365071.3,1761125172554
586,348,365155.59999999,1761125172638
586,348,365236.09999999,1761125172719
586,348,365305.5,1761125172788
586,348,365382.59999999,1761125172865
586,348,365468.89999999,1761125172951
586,348,365543.5,1761125173026
586,348,365619.8,1761125173102
586,348,365688.19999999,1761125173171
586,348,365771.8,1761125173254
586,348,365855.39999999,1761125173338
586,348,365936.19999999,1761125173419
586,348,366021.09999999,1761125173504
586,348,366104.19999999,1761125173587
586,348,366185.59999999,1761125173668
586,348,366255.5,1761125173738
586,348,366331.69999999,1761125173814
586,348,366406.19999999,1761125173889
586,348,366482.8,1761125173965
586,348,366567.59999999,1761125174050
586,348,366638.89999999,1761125174121
586,348,366719.19999999,1761125174202
586,348,366794.19999999,1761125174277
586,348,366869.19999999,1761125174352
586,348,366936.8,1761125174419
586,348,367019.39999999,1761125174502
586,348,367102.19999999,1761125174585
586,348,367170.19999999,1761125174653
586,348,367252,1761125174735
586,348,367340.39999999,1761125174823
586,348,367417.5,1761125174900
586,348,367490.89999999,1761125174973
586,348,367572.3,1761125175055
586,348,367652.5,1761125175135
586,348,367735.69999999,1761125175218
586,348,367807.39999999,1761125175290
586,348,367886.69999999,1761125175369
586,348,367971.3,1761125175454
586,348,368050.39999999,1761125175533
586,348,368119.89999999,1761125175603
586,348,368205.8,1761125175688
586,348,368284.09999999,1761125175767
586,348,368368,1761125175851
586,348,368444.8,1761125175927
586,348,368518.19999999,1761125176001
586,348,368606.69999999,1761125176089
586,348,368703.3,1761125176186
586,348,368780.89999999,1761125176264
586,348,368853.19999999,1761125176336
586,348,368940.69999999,1761125176423
586,348,369023.3,1761125176506
586,348,369105.09999999,1761125176588
586,348,369211.19999999,1761125176694
586,348,369290.5,1761125176773
586,348,369369.39999999,1761125176852
586,348,369455.09999999,1761125176938
586,348,369544.19999999,1761125177027
586,348,369619.59999999,1761125177102
586,348,369706.39999999,1761125177189
586,348,369790.8,1761125177273
586,348,369871.69999999,1761125177354
586,348,369954.89999999,1761125177437
586,348,370035.5,1761125177518
586,348,370115.5,1761125177598
586,348,370202.69999999,1761125177685
586,348,370285.89999999,1761125177769
586,348,370369.89999999,1761125177852
586,348,370453.09999999,1761125177936
586,348,370534.5,1761125178017
586,348,370605.3,1761125178088
586,348,370685.5,1761125178168
586,348,370776,1761125178259
586,348,370849.69999999,1761125178332
586,348,370935.5,1761125178418
586,348,371021.09999999,1761125178504
586,348,371101.59999999,1761125178584
586,348,371185.3,1761125178668
586,348,371267.69999999,1761125178750
586,348,371353.69999999,1761125178836
586,348,371435.69999999,1761125178918
586,348,371522.19999999,1761125179005
586,348,371603.19999999,1761125179086
586,348,371676.39999999,1761125179159
586,348,371749,1761125179232
586,348,371839.69999999,1761125179322
586,348,371926.09999999,1761125179409
586,348,372004.3,1761125179487
586,348,372080.19999999,1761125179563
586,348,372148.3,1761125179631
586,348,372241.69999999,1761125179724
586,348,372320.89999999,1761125179803
586,348,372401.3,1761125179884
586,348,372474.5,1761125179957
586,348,372546.3,1761125180029
586,348,372621.59999999,1761125180104
586,348,372703.19999999,1761125180186
586,348,372791.69999999,1761125180274
586,348,372870.09999999,1761125180353
586,348,372956.19999999,1761125180439
586,348,373034.09999999,1761125180517
586,348,373108.09999999,1761125180591
586,348,373184,1761125180667
586,348,373260.59999999,1761125180743
586,348,373332,1761125180815
586,348,373426.09999999,1761125180909
586,348,373503.59999999,1761125180986
586,348,373586.59999999,1761125181069
586,348,373673.89999999,1761125181157
586,348,373752.19999999,1761125181235
586,348,373839.09999999,1761125181322
586,348,373918.39999999,1761125181401
586,348,373987.8,1761125181470
586,348,374065,1761125181548
586,348,374150.3,1761125181633
586,348,374226.09999999,1761125181709
586,348,374302.39999999,1761125181785
586,348,374387.19999999,1761125181870
586,348,374469.59999999,1761125181952
586,348,374541.89999999,1761125182024
586,348,374619.3,1761125182102
586,348,374701.5,1761125182184
586,348,374775.39999999,1761125182258
586,348,374855.8,1761125182338
586,348,374930.5,1761125182413
586,348,375007.89999999,1761125182490
586,348,375091.3,1761125182574
586,348,375169.09999999,1761125182652
586,348,375247.8,1761125182730
586,348,375346.39999999,1761125182829
586,348,375434.3,1761125182917
586,348,375508.89999999,1761125182992
586,348,375586.19999999,1761125183069
586,348,375659.3,1761125183142
586,348,375731.89999999,1761125183214
586,348,375803.09999999,1761125183286
586,348,375887.09999999,1761125183370
586,348,375969.39999999,1761125183452
586,348,376037.3,1761125183520
586,348,376117.8,1761125183600
586,348,376202.09999999,1761125183685
586,348,376271.69999999,1761125183754
586,348,376352.3,1761125183835
586,348,376437.8,1761125183920
586,348,376514.09999999,1761125183997
586,348,376588.19999999,1761125184071
586,348,376667.69999999,1761125184150
586,348,376737.69999999,1761125184220
586,348,376820.19999999,1761125184303
586,348,376900.39999999,1761125184383
586,348,376972.89999999,1761125184456
586,348,377051.39999999,1761125184534
586,348,377125.3,1761125184608
586,348,377212.69999999,1761125184695
586,348,377300.59999999,1761125184783
586,348,377388.19999999,1761125184871
586,348,377468.69999999,1761125184951
586,348,377538.8,1761125185021
586,348,377615.3,1761125185098
586,348,377702.39999999,1761125185185
586,348,377776.09999999,1761125185259
586,348,377848.8,1761125185331
586,348,377937.3,1761125185420
586,348,378019.59999999,1761125185502
586,348,378098.5,1761125185581
586,348,378184.89999999,1761125185668
586,348,378256.39999999,1761125185739
586,348,378332.69999999,1761125185815
586,348,378418.39999999,1761125185901
586,348,378500.39999999,1761125185983
586,348,378586.8,1761125186069
586,348,378668.5,1761125186151
586,348,378754.19999999,1761125186237
586,348,378835,1761125186318
586,348,378912.59999999,1761125186395
586,348,378996.09999999,1761125186479
586,348,379071.59999999,1761125186554
586,348,379156.09999999,1761125186639
586,348,379235.19999999,1761125186718
586,348,379315.39999999,1761125186798
586,348,379398.5,1761125186881
586,348,379486.39999999,1761125186969
586,348,379558.3,1761125187041
586,348,379635.8,1761125187118
586,348,379719.3,1761125187202
586,348,379792.69999999,1761125187275
586,348,379869.8,1761125187352
586,348,379951.3,1761125187434
586,348,380021.59999999,1761125187504
586,348,380099.89999999,1761125187582
586,348,380183.89999999,1761125187666
586,348,380271.8,1761125187754
586,348,380355.59999999,1761125187838
586,348,380434.69999999,1761125187917
586,348,380509.5,1761125187992
586,348,380585.8,1761125188068
586,348,380666.8,1761125188149
586,348,380737.3,1761125188220
586,348,380819.8,1761125188302
586,348,380901.89999999,1761125188384
586,348,380992.8,1761125188475
586,348,381068.8,1761125188551
586,348,381142.5,1761125188625
586,348,381220.19999999,1761125188703
586,348,381288.89999999,1761125188772
586,348,381369.69999999,1761125188852
586,348,381448.59999999,1761125188931
586,348,381531.5,1761125189014
586,348,381620.09999999,1761125189103
586,348,381701.89999999,1761125189185
586,348,381776.3,1761125189259
586,348,381852.39999999,1761125189335
586,348,381921.69999999,1761125189404
586,348,382002.89999999,1761125189485
586,348,382087.59999999,1761125189570
586,348,382167.5,1761125189650
586,348,382238.09999999,1761125189721
586,348,382319.69999999,1761125189802
586,348,382395.19999999,1761125189878
586,348,382465.5,1761125189948
586,348,382554.89999999,1761125190037
586,348,382639.59999999,1761125190122
586,348,382737.09999999,1761125190220
586,348,382812.3,1761125190295
586,348,382887.5,1761125190370
586,348,382962.09999999,1761125190445
586,348,383055.5,1761125190538
586,348,383150.5,1761125190633
586,348,383222.3,1761125190705
586,348,383305.3,1761125190788
586,348,383383.5,1761125190866
586,348,383457.8,1761125190940
586,348,383530.09999999,1761125191013
586,348,383617.89999999,1761125191100
586,348,383702.39999999,1761125191185
586,348,383771.59999999,1761125191254
586,348,383855.3,1761125191338
586,348,383937.19999999,1761125191420
586,348,384021.09999999,1761125191504
586,348,384099.8,1761125191582
586,348,384184.8,1761125191667
586,348,384258.69999999,1761125191741
586,348,384336.39999999,1761125191819
586,348,384408.8,1761125191891
586,348,384483.5,1761125191966
586,348,384568.59999999,1761125192051
586,348,384639.59999999,1761125192122
586,348,384715.5,1761125192198
586,348,384800.19999999,1761125192283
586,348,384871.39999999,1761125192354
586,348,384952.19999999,1761125192435
586,348,385024.59999999,1761125192507
586,348,385101.89999999,1761125192584
586,348,385170,1761125192653
586,348,385251.09999999,1761125192734
586,348,385323.19999999,1761125192806
586,348,385403.3,1761125192886
586,348,385487.69999999,1761125192970
586,348,385567.89999999,1761125193050
586,348,385638.39999999,1761125193121
586,348,385721.3,1761125193204
586,348,385811.3,1761125193294
586,348,385900.39999999,1761125193383
586,348,385971,1761125193454
586,348,386054.19999999,1761125193537
586,348,386137.39999999,1761125193620
586,348,386226.8,1761125193709
586,348,386298.19999999,1761125193781
586,348,386395.59999999,1761125193878
586,348,386467.8,1761125193950
586,348,386553.89999999,1761125194037
586,348,386629.19999999,1761125194112
586,348,386697.89999999,1761125194180
586,348,386785.5,1761125194268
586,348,386869.19999999,1761125194352
586,348,386952.8,1761125194435
586,348,387026.89999999,1761125194509
586,348,387100,1761125194582
586,348,387186,1761125194669
586,348,387259.09999999,1761125194742
586,348,387334.19999999,1761125194817
586,348,387404.3,1761125194887
586,348,387486.19999999,1761125194969
586,348,387568.5,1761125195051
586,348,387638.8,1761125195121
586,348,387718.59999999,1761125195201
586,348,387801.19999999,1761125195284
586,348,387880.09999999,1761125195363
586,348,387953.5,1761125195436
586,348,388034.19999999,1761125195517
586,348,388109.5,1761125195592
586,348,388186.8,1761125195669
586,348,388264.69999999,1761125195747
586,348,388352.69999999,1761125195835
586,348,388435.3,1761125195918
586,348,388506.59999999,1761125195989
586,348,388586,1761125196069
586,348,388666.89999999,1761125196149
586,348,388744,1761125196226
586,348,388820,1761125196303
586,348,388893.59999999,1761125196376
586,348,388966.8,1761125196449
586,348,389060.39999999,1761125196543
586,348,389130.19999999,1761125196613
586,348,389217.89999999,1761125196700
586,348,389301.8,1761125196784
586,348,389385.5,1761125196868
586,348,389469.39999999,1761125196952
586,348,389557,1761125197040
586,348,389638.39999999,1761125197121
586,348,389723.39999999,1761125197206
586,348,389810,1761125197293
586,348,389880.69999999,1761125197363
586,348,389969,1761125197451
586,348,390042.09999999,1761125197525
586,348,390120.09999999,1761125197603
586,348,390202,1761125197685
586,348,390279.59999999,1761125197762
586,348,390352,1761125197835
586,348,390436.5,1761125197919
586,348,390509.89999999,1761125197992
586,348,390588.8,1761125198071
586,348,390666.8,1761125198149
586,348,390740.19999999,1761125198223
586,348,390811.39999999,1761125198294
586,348,390889.3,1761125198372
586,348,390990.19999999,1761125198473
586,348,391060.3,1761125198543
586,348,391134,1761125198617
586,348,391206.89999999,1761125198689
586,348,391287.3,1761125198770
586,348,391369.8,1761125198852
586,348,391456.8,1761125198939
586,348,391539.69999999,1761125199022
586,348,391620.59999999,1761125199103
586,348,391706.8,1761125199189
586,348,391785.69999999,1761125199268
586,348,391867.09999999,1761125199350
586,348,391952.09999999,1761125199435
586,348,392026.59999999,1761125199509
586,348,392099.89999999,1761125199582
586,348,392183.89999999,1761125199666
586,348,392262.5,1761125199745
586,348,392335,1761125199818
586,348,392416.39999999,1761125199899
586,348,392499.69999999,1761125199982
586,348,392574.5,1761125200057
586,348,392651.39999999,1761125200134
586,348,392736.5,1761125200219
586,348,392821.09999999,1761125200304
586,348,392899.3,1761125200382
586,348,392974.09999999,1761125200457
586,348,393055.09999999,1761125200538
586,348,393135.09999999,1761125200618
586,348,393220.69999999,1761125200703
586,348,393320.09999999,1761125200803
586,348,393390.69999999,1761125200873
586,348,393466.39999999,1761125200949
586,348,393555.59999999,1761125201038
586,348,393635.39999999,1761125201118
586,348,393714.59999999,1761125201197
586,348,393811.19999999,1761125201294
586,348,393884,1761125201366
586,348,393968.69999999,1761125201451
586,348,394052.09999999,1761125201535
586,348,394125.5,1761125201608
586,348,394195.59999999,1761125201678
586,348,394269.8,1761125201752
586,348,394352.3,1761125201835
586,348,394435.5,1761125201918
586,348,394505.09999999,1761125201988
586,348,394582.89999999,1761125202065
586,348,394669,1761125202152
586,348,394749.3,1761125202232
586,348,394823.39999999,1761125202306
586,348,394903.89999999,1761125202387
586,348,394985.8,1761125202468
586,348,395073.8,1761125202556
586,348,395155,1761125202638
586,348,395235.8,1761125202718
586,348,395320.3,1761125202803
586,348,395406.5,1761125202889
586,348,395486.39999999,1761125202969
586,348,395567.89999999,1761125203050
586,348,395637.19999999,1761125203120
586,348,395724.39999999,1761125203207
586,348,395804.39999999,1761125203287
586,348,395885.5,1761125203368
586,348,395970.59999999,1761125203453
586,348,396051.39999999,1761125203534
586,348,396119.5,1761125203602
586,348,396195.89999999,1761125203679
586,348,396272.3,1761125203755
586,348,396349.39999999,1761125203832
586,348,396420.59999999,1761125203903
586,348,396496.8,1761125203979
586,348,396591,1761125204074
586,348,396681.3,1761125204164
586,348,396754.59999999,1761125204237
586,348,396835.8,1761125204318
586,348,396920,1761125204403
586,348,396999.69999999,1761125204482
586,348,397071.8,1761125204554
586,348,397149.69999999,1761125204632
586,348,397225.89999999,1761125204709
586,348,397301.69999999,1761125204784
586,348,397371.8,1761125204854
586,348,397455.89999999,1761125204939
586,348,397539.09999999,1761125205022
586,348,397619.39999999,1761125205102
586,348,397709.09999999,1761125205192
586,348,397789.89999999,1761125205272
586,348,397865.89999999,1761125205348
586,348,397939.5,1761125205422
586,348,398016.3,1761125205499
586,348,398100.39999999,1761125205583
586,348,398183.69999999,1761125205666
586,348,398267.39999999,1761125205750
586,348,398352.5,1761125205835
586,348,398434.09999999,1761125205917
586,348,398507.09999999,1761125205990
586,348,398585.89999999,1761125206068
586,348,398666.69999999,1761125206149
586,348,398745,1761125206228
586,348,398819.59999999,1761125206302
586,348,398898.8,1761125206381
586,348,398972.59999999,1761125206455
586,348,399055.69999999,1761125206538
586,348,399133,1761125206616
586,348,399212.3,1761125206695
586,348,399283.3,1761125206766
586,348,399385.8,1761125206868
586,348,399470.39999999,1761125206953
586,348,399555.5,1761125207038
586,348,399633.89999999,1761125207116
586,348,399708,1761125207191
586,348,399777.89999999,1761125207260
586,348,399852.59999999,1761125207335
586,348,399935.89999999,1761125207418
586,348,400020,1761125207503
586,348,400098.39999999,1761125207581
586,348,400182.59999999,1761125207665
586,348,400262.59999999,1761125207745
586,348,400336.89999999,1761125207819
586,348,400413.59999999,1761125207896
586,348,400499.39999999,1761125207982
586,348,400587.19999999,1761125208070
586,348,400660.69999999,1761125208143
586,348,400737.09999999,1761125208220
586,348,400818.3,1761125208301
586,348,400897.09999999,1761125208380
586,348,400982,1761125208465
586,348,401067.89999999,1761125208550
586,348,401140.5,1761125208623
586,348,401216.69999999,1761125208699
586,348,401299.5,1761125208782
586,348,401391.3,1761125208874
586,348,401471.69999999,1761125208954
586,348,401553.39999999,1761125209036
586,348,401642.69999999,1761125209125
586,348,401715.3,1761125209198
586,348,401810,1761125209293
586,348,401882.3,1761125209365
586,348,401954.59999999,1761125209437
586,348,402032.3,1761125209515
586,348,402119.89999999,1761125209602
586,348,402202.59999999,1761125209685
586,348,402281.8,1761125209764
586,348,402366.09999999,1761125209849
586,348,402436.5,1761125209919
586,348,402517.09999999,1761125210000
586,348,402588.5,1761125210071
586,348,402667.19999999,1761125210150
586,348,402739.89999999,1761125210223
586,348,402817.59999999,1761125210300
586,348,402900.59999999,1761125210383
586,348,402986.09999999,1761125210469
586,348,403070.09999999,1761125210553
586,348,403149,1761125210632
586,348,403227.19999999,1761125210710
586,348,403296.09999999,1761125210779
586,348,403368.39999999,1761125210851
586,348,403456.8,1761125210939
586,348,403536.69999999,1761125211019
586,348,403616.89999999,1761125211099
586,348,403685.59999999,1761125211168
586,348,403767.5,1761125211250
586,348,403842.19999999,1761125211325
586,348,403918.8,1761125211401
586,348,403992.19999999,1761125211475
586,348,404065.69999999,1761125211548
586,348,404153.39999999,1761125211636
586,348,404239.19999999,1761125211722
586,348,404319.5,1761125211802
586,348,404393.5,1761125211876
586,348,404470.09999999,1761125211953
586,348,404552.69999999,1761125212035
586,348,404632.3,1761125212115
586,348,404720.5,1761125212203
586,348,404802.89999999,1761125212285
586,348,404885.09999999,1761125212368
586,348,404964.8,1761125212447
586,348,405040.8,1761125212523
586,348,405111.59999999,1761125212594
586,348,405206.5,1761125212689
586,348,405300.69999999,1761125212783
586,348,405394.8,1761125212877
586,348,405467,1761125212950
586,348,405556.3,1761125213039
586,348,405632.19999999,1761125213115
586,348,405703.39999999,1761125213186
586,348,405780.19999999,1761125213263
586,348,405865.69999999,1761125213348
586,348,405938.3,1761125213421
586,348,406015.89999999,1761125213499
586,348,406087.89999999,1761125213570
586,348,406164.3,1761125213647
586,348,406237.09999999,1761125213720
586,348,406317.09999999,1761125213800
586,348,406388.69999999,1761125213871
586,348,406466.59999999,1761125213949
586,348,406539.09999999,1761125214022
586,348,406615.89999999,1761125214099
586,348,406701.5,1761125214184
586,348,406783.3,1761125214266
586,348,406858.5,1761125214341
586,348,406930.09999999,1761125214413
586,348,407002.19999999,1761125214485
586,348,407087.19999999,1761125214570
586,348,407171.8,1761125214654
586,348,407253.8,1761125214736
586,348,407330.5,1761125214813
586,348,407416.09999999,1761125214899
586,348,407487.69999999,1761125214970
586,348,407566.59999999,1761125215049
586,348,407647,1761125215130
586,348,407725.39999999,1761125215208
586,348,407802.39999999,1761125215285
586,348,407879.59999999,1761125215362
586,348,407967.59999999,1761125215450
586,348,408050.3,1761125215533
586,348,408137.8,1761125215620
586,348,408218.59999999,1761125215701
586,348,408304.69999999,1761125215787
586,348,408403.69999999,1761125215886
586,348,408477.19999999,1761125215960
586,348,408549.89999999,1761125216032
586,348,408635.8,1761125216118
586,348,408718.3,1761125216201
586,348,408800.09999999,1761125216283
586,348,408874.59999999,1761125216357
586,348,408967.8,1761125216450
586,348,409057.09999999,1761125216540
586,348,409143.5,1761125216626
586,348,409229.09999999,1761125216712
586,348,409300.3,1761125216783
586,348,409410.69999999,1761125216893
586,348,409481.59999999,1761125216964
586,348,409575.39999999,1761125217058
586,348,409655.3,1761125217138
586,348,409735.3,1761125217218
586,348,409820.3,1761125217303
586,348,409897.19999999,1761125217380
586,348,409987.39999999,1761125217470
586,348,410067.89999999,1761125217550
586,348,410143,1761125217626
586,348,410222.39999999,1761125217705
586,348,410296.69999999,1761125217779
586,348,410384.69999999,1761125217867
586,348,410486.39999999,1761125217969
586,348,410556.19999999,1761125218039
586,348,410634.09999999,1761125218117
586,348,410722,1761125218204
586,348,410803.5,1761125218286
586,348,410883.59999999,1761125218366
586,348,410962.89999999,1761125218445
586,348,411050.8,1761125218533
586,348,411120.09999999,1761125218603
586,348,411200.69999999,1761125218683
586,348,411285.8,1761125218768
586,348,411367.19999999,1761125218850
586,348,411450,1761125218933
586,348,411535.59999999,1761125219018
586,348,411617.3,1761125219100
586,348,411693.59999999,1761125219176
586,348,411766.3,1761125219249
586,348,411848.8,1761125219331
586,348,411925.69999999,1761125219408
586,348,411997.09999999,1761125219480
586,348,412080.39999999,1761125219563
586,348,412166.59999999,1761125219649
586,348,412244.39999999,1761125219727
586,348,412319,1761125219802
586,348,412407.39999999,1761125219890
586,348,412485.09999999,1761125219968
586,348,412575.8,1761125220058
586,348,412650.5,1761125220133
586,348,412718.8,1761125220201
586,348,412804.59999999,1761125220287
586,348,412884,1761125220367
586,348,412970,1761125220452
586,348,413047.89999999,1761125220530
586,348,413121.3,1761125220604
586,348,413194.89999999,1761125220677
586,348,413270.3,1761125220753
586,348,413368.39999999,1761125220851
586,348,413462.89999999,1761125220945
586,348,413535.69999999,1761125221018
586,348,413612.89999999,1761125221095
586,348,413701,1761125221184
586,348,413784,1761125221267
586,348,413872.09999999,1761125221355
586,348,413957,1761125221439
586,348,414035.69999999,1761125221518
586,348,414104,1761125221587
586,348,414185.8,1761125221668
586,348,414261.19999999,1761125221744
586,348,414333.69999999,1761125221816
586,348,414421,1761125221904
586,348,414500.09999999,1761125221983
586,348,414586.5,1761125222069
586,348,414671,1761125222154
586,348,414749.8,1761125222232
586,348,414822.39999999,1761125222305
586,348,414895.8,1761125222378
586,348,414969.69999999,1761125222452
586,348,415050.09999999,1761125222533
586,348,415119.3,1761125222602
586,348,415200.69999999,1761125222683
586,348,415289.8,1761125222772
586,348,415366.19999999,1761125222849
586,348,415457.69999999,1761125222940
586,348,415534,1761125223017
586,348,415604.3,1761125223087
586,348,415683.69999999,1761125223166
586,348,415767,1761125223250
586,348,415836.39999999,1761125223319
586,348,415917.8,1761125223400
586,348,415987,1761125223470
586,348,416067.59999999,1761125223550
586,348,416151.19999999,1761125223634
586,348,416219.09999999,1761125223702
586,348,416300.8,1761125223783
586,348,416384.3,1761125223867
586,348,416458.19999999,1761125223941
586,348,416533.5,1761125224016
586,348,416601.89999999,1761125224084
586,348,416691,1761125224174
586,348,416769.3,1761125224252
586,348,416852.3,1761125224335
586,348,416934.69999999,1761125224417
586,348,417018.3,1761125224501
586,348,417087.3,1761125224570
586,348,417168.09999999,1761125224651
586,348,417251.5,1761125224734
586,348,417341.8,1761125224824
586,348,417419.09999999,1761125224902
586,348,417500.5,1761125224983
586,348,417586.89999999,1761125225070
586,348,417669,1761125225152
586,348,417755.5,1761125225238
586,348,417832.09999999,1761125225315
586,348,417905.69999999,1761125225388
586,348,417982.69999999,1761125225465
586,348,418074.59999999,1761125225557
586,348,418146.19999999,1761125225629
586,348,418219.3,1761125225702
586,348,418301.3,1761125225784
586,348,418383.39999999,1761125225866
586,348,418458.39999999,1761125225941
586,348,418534,1761125226017
586,348,418607.19999999,1761125226090
586,348,418683.39999999,1761125226166
586,348,418767.5,1761125226250
586,348,418841.19999999,1761125226324
586,348,418914.89999999,1761125226397
586,348,418997.09999999,1761125226480
586,348,419075.3,1761125226558
586,348,419155.39999999,1761125226638
586,348,419231.8,1761125226714
586,348,419304.69999999,1761125226787
586,348,419413.3,1761125226896
586,348,419505.89999999,1761125226988
586,348,419575.3,1761125227058
586,348,419653.09999999,1761125227136
586,348,419733,1761125227216
586,348,419819.3,1761125227302
586,348,419900.09999999,1761125227383
586,348,419970.8,1761125227453
586,348,420049.5,1761125227532
586,348,420140,1761125227623
586,348,420212.39999999,1761125227695
586,348,420301.69999999,1761125227784
586,348,420384.5,1761125227867
586,348,420465.89999999,1761125227948
586,348,420547.69999999,1761125228030
586,348,420639.5,1761125228122
586,348,420711.3,1761125228194
586,348,420810.89999999,1761125228293
586,348,420884.19999999,1761125228367
586,348,420967.19999999,1761125228450
586,348,421053.69999999,1761125228536
586,348,421140,1761125228623
586,348,421219.19999999,1761125228702
586,348,421298.09999999,1761125228781
586,348,421373.59999999,1761125228856
586,348,421449.5,1761125228932
586,348,421524.89999999,1761125229007
586,348,421596.09999999,1761125229079
586,348,421684.59999999,1761125229167
586,348,421767,1761125229250
586,348,421837.69999999,1761125229320
586,348,421916.8,1761125229399
586,348,421984.3,1761125229467
586,348,422067.39999999,1761125229550
586,348,422149.89999999,1761125229632
586,348,422230.39999999,1761125229713
586,348,422318.89999999,1761125229801
586,348,422401.59999999,1761125229884
586,348,422471.39999999,1761125229954
586,348,422546.5,1761125230029
586,348,422636.39999999,1761125230119
586,348,422715.69999999,1761125230198
586,348,422785,1761125230268
586,348,422864.8,1761125230347
586,348,422946.69999999,1761125230429
586,348,423020.3,1761125230503
586,348,423098.19999999,1761125230581
586,348,423170.39999999,1761125230653
586,348,423251.09999999,1761125230734
586,348,423324.5,1761125230807
586,348,423399.69999999,1761125230882
586,348,423471.59999999,1761125230954
586,348,423549.89999999,1761125231032
586,348,423639.59999999,1761125231122
586,348,423719,1761125231202
586,348,423795.69999999,1761125231278
586,348,423866.19999999,1761125231349
586,348,423975.09999999,1761125231458
586,348,424069.39999999,1761125231552
586,348,424138.89999999,1761125231621
586,348,424214.89999999,1761125231697
586,348,424290.59999999,1761125231773
586,348,424366.5,1761125231849
586,348,424452.19999999,1761125231935
586,348,424534,1761125232017
586,348,424623.5,1761125232106
586,348,424711.59999999,1761125232194
586,348,424801.69999999,1761125232284
586,348,424885,1761125232368
586,348,424968.09999999,1761125232451
586,348,425048,1761125232531
586,348,425133.59999999,1761125232616
586,348,425202,1761125232685
586,348,425282.59999999,1761125232765
586,348,425365.5,1761125232848
586,348,425441.5,1761125232924
586,348,425517.59999999,1761125233000
586,348,425591.5,1761125233074
586,348,425666.3,1761125233149
586,348,425750.89999999,1761125233233
586,348,425833.69999999,1761125233316
586,348,425910.69999999,1761125233393
586,348,426010.69999999,1761125233493
586,348,426083.09999999,1761125233566
586,348,426168.59999999,1761125233651
586,348,426255.09999999,1761125233738
586,348,426332.3,1761125233815
586,348,426415.8,1761125233898
586,348,426501.39999999,1761125233984
586,348,426582.19999999,1761125234065
586,348,426676.09999999,1761125234159
586,348,426750.89999999,1761125234233
586,348,426829.69999999,1761125234312
586,348,426925.39999999,1761125234408
586,348,427000.09999999,1761125234483
586,348,427073.69999999,1761125234556
586,348,427151.3,1761125234634
586,348,427224.09999999,1761125234707
586,348,427302.39999999,1761125234785
586,348,427383.89999999,1761125234866
586,348,427453.5,1761125234936
586,348,427533.89999999,1761125235016
586,348,427603.69999999,1761125235086
586,348,427683.8,1761125235166
586,348,427767.39999999,1761125235250
586,348,427848.59999999,1761125235331
586,348,427936.59999999,1761125235419
586,348,428017.09999999,1761125235500
586,348,428089.8,1761125235572
586,348,428170.3,1761125235653
586,348,428249.59999999,1761125235732
586,348,428319.19999999,1761125235802
586,348,428399.39999999,1761125235882
586,348,428467.89999999,1761125235950
586,348,428549.89999999,1761125236032
586,348,428634.5,1761125236117
586,348,428716.09999999,1761125236199
586,348,428785.69999999,1761125236268
586,348,428866.5,1761125236349
586,348,428933.89999999,1761125236417
586,348,429020.19999999,1761125236503
586,348,429101.69999999,1761125236584
586,348,429189.59999999,1761125236672
586,348,429266.89999999,1761125236749
586,348,429336.69999999,1761125236819
586,348,429437.89999999,1761125236920
586,348,429521.19999999,1761125237004
586,348,429600.19999999,1761125237083
586,348,429684.09999999,1761125237167
586,348,429770.3,1761125237253
586,348,429849.19999999,1761125237332
586,348,429924.59999999,1761125237407
586,348,429995.19999999,1761125237478
586,348,430081.39999999,1761125237564
586,348,430153.19999999,1761125237636
586,348,430230.89999999,1761125237713
586,348,430303.8,1761125237786
586,348,430383.8,1761125237866
586,348,430453.8,1761125237936
586,348,430532.3,1761125238015
586,348,430616.19999999,1761125238099
586,348,430688,1761125238171
586,348,430767.59999999,1761125238250
586,348,430840.39999999,1761125238323
586,348,430917,1761125238400
586,348,430996,1761125238479
586,348,431081.59999999,1761125238564
586,348,431154.69999999,1761125238637
586,348,431232.3,1761125238715
586,348,431304.19999999,1761125238787
586,348,431382.09999999,1761125238865
586,348,431454.09999999,1761125238937
586,348,431535.8,1761125239018
586,348,431616.89999999,1761125239099
586,348,431687.89999999,1761125239170
586,348,431766.39999999,1761125239249
586,348,431838.19999999,1761125239321
586,348,431916.19999999,1761125239399
586,348,432008.69999999,1761125239491
586,348,432080.8,1761125239563
586,348,432150.39999999,1761125239633
586,348,432250.39999999,1761125239733
586,348,432322.69999999,1761125239805
586,348,432401.19999999,1761125239884
586,348,432474.39999999,1761125239957
586,348,432550.39999999,1761125240033
586,348,432636.89999999,1761125240119
586,348,432717.59999999,1761125240200
586,348,432803.09999999,1761125240286
586,348,432884,1761125240367
586,348,432958.09999999,1761125240441
586,348,433038.19999999,1761125240521
586,348,433114.09999999,1761125240597
586,348,433200.5,1761125240683
586,348,433300.09999999,1761125240783
586,348,433369.09999999,1761125240852
586,348,433453.69999999,1761125240936
586,348,433531.3,1761125241014
586,348,433618.39999999,1761125241101
586,348,433698,1761125241180
586,348,433770,1761125241253
586,348,433848,1761125241331
586,348,433923.89999999,1761125241406
586,348,434002.59999999,1761125241485
586,348,434075.39999999,1761125241558
586,348,434168.39999999,1761125241651
586,348,434262.69999999,1761125241745
586,348,434332.59999999,1761125241815
586,348,434417.3,1761125241900
586,348,434500.89999999,1761125241983
586,348,434582.89999999,1761125242066
586,348,434666.89999999,1761125242149
586,348,434749.89999999,1761125242232
586,348,434823.5,1761125242306
586,348,434896.59999999,1761125242379
586,348,434983.19999999,1761125242466
586,348,435062.89999999,1761125242545
586,348,435147.89999999,1761125242630
586,348,435229.19999999,1761125242712
586,348,435316.09999999,1761125242799
586,348,435403,1761125242886
586,348,435488,1761125242971
586,348,435565.89999999,1761125243048
586,348,435651.3,1761125243134
586,348,435733.89999999,1761125243217
586,348,435815.39999999,1761125243298
586,348,435890,1761125243373
586,348,435970.3,1761125243453
586,348,436050.5,1761125243533
586,348,436134.09999999,1761125243617
586,348,436206.69999999,1761125243689
586,348,436284.5,1761125243767
586,348,436366.89999999,1761125243849
586,348,436439.09999999,1761125243922
586,348,436515.59999999,1761125243998
586,348,436601.39999999,1761125244084
586,348,436679.5,1761125244162
586,348,436769.3,1761125244252
586,348,436848.39999999,1761125244331
586,348,436923.59999999,1761125244406
586,348,436999.69999999,1761125244482
586,348,437081.09999999,1761125244564
586,348,437168.09999999,1761125244651
586,348,437250.8,1761125244733
586,348,437317.5,1761125244800
586,348,437398.8,1761125244881
586,348,437485.3,1761125244968
586,348,437565.8,1761125245048
586,348,437647.5,1761125245130
586,348,437733,1761125245216
586,348,437805.39999999,1761125245288
586,348,437877.89999999,1761125245360
586,348,437951.09999999,1761125245434
586,348,438033.69999999,1761125245516
586,348,438116.59999999,1761125245599
586,348,438199.09999999,1761125245682
586,348,438285.39999999,1761125245768
586,348,438366.19999999,1761125245849
586,348,438433.3,1761125245916
586,348,438514.39999999,1761125245997
586,348,438599,1761125246081
586,348,438674,1761125246157
586,348,438748.5,1761125246231
586,348,438817.39999999,1761125246300
586,348,438900.89999999,1761125246383
586,348,438983.39999999,1761125246466
586,348,439056.89999999,1761125246539
586,348,439133.59999999,1761125246616
586,348,439212.3,1761125246695
586,348,439283.69999999,1761125246766
586,348,439366.69999999,1761125246849
586,348,439438.5,1761125246921
586,348,439524.3,1761125247007
586,348,439601.09999999,1761125247084
586,348,439672.3,1761125247155
586,348,439749.59999999,1761125247232
586,348,439836.59999999,1761125247319
586,348,439923.09999999,1761125247406
586,348,440003.8,1761125247486
586,348,440088.09999999,1761125247571
586,348,440160.5,1761125247643
586,348,440233.89999999,1761125247717
586,348,440318.19999999,1761125247801
586,348,440394.8,1761125247877
586,348,440466.39999999,1761125247949
586,348,440543.19999999,1761125248026
586,348,440612.59999999,1761125248095
586,348,440715.3,1761125248198
586,348,440788.59999999,1761125248271
586,348,440865.09999999,1761125248348
586,348,440939.19999999,1761125248422
586,348,441013.69999999,1761125248496
586,348,441109.8,1761125248592
586,348,441182.39999999,1761125248665
586,348,441271.3,1761125248754
586,348,441352.39999999,1761125248835
586,348,441427.09999999,1761125248910
586,348,441500.59999999,1761125248983
586,348,441603.39999999,1761125249086
586,348,441696.39999999,1761125249179
586,348,441768.3,1761125249251
586,348,441843.3,1761125249326
586,348,441920.69999999,1761125249403
586,348,441995.89999999,1761125249478
586,348,442090.09999999,1761125249573
586,348,442162.3,1761125249645
586,348,442249.59999999,1761125249732
586,348,442322.3,1761125249805
586,348,442399.89999999,1761125249882
586,348,442483.3,1761125249966
586,348,442554.19999999,1761125250037
586,348,442630.69999999,1761125250113
586,348,442718.19999999,1761125250201
586,348,442797.69999999,1761125250280
586,348,442867.8,1761125250350
586,351,442955.39999999,1761125250438
585,366,443039,1761125250522
565,424,443122.59999999,1761125250605
517,522,443204.59999999,1761125250687
483,565,443295,1761125250777
447,603,443378.89999999,1761125250862
433,616,443464.8,1761125250947
415,652,443558,1761125251041
414,661,443647.39999999,1761125251130
414,675,443736.5,1761125251219
414,682,443827.39999999,1761125251310
414,682,443916,1761125251399
414,682,444003.69999999,1761125251486
414,682,444089.19999999,1761125251572
414,682,444174,1761125251657
414,682,444256.89999999,1761125251739
414,682,444335.5,1761125251818
414,682,444416.09999999,1761125251899
414,682,444491.09999999,1761125251974
414,682,444571.59999999,1761125252054
414,682,444654.19999999,1761125252137
414,682,444736.3,1761125252219
414,682,444816.3,1761125252299
414,682,444907.09999999,1761125252390
414,682,444983.69999999,1761125252466
414,682,445064.39999999,1761125252547
414,682,445140.39999999,1761125252623
414,682,445213.59999999,1761125252696
414,682,445284.8,1761125252767
414,682,445354.59999999,1761125252837
414,682,445451.8,1761125252934
414,682,445532.89999999,1761125253015
414,682,445618.89999999,1761125253101
414,682,445705.39999999,1761125253188
414,682,445779.89999999,1761125253263
414,682,445853.8,1761125253336
414,682,445934.39999999,1761125253417
414,682,446017.59999999,1761125253500
414,682,446099.19999999,1761125253582
414,682,446172.3,1761125253655
414,682,446248.09999999,1761125253731
414,682,446336.5,1761125253819
414,682,446409.89999999,1761125253892
414,682,446484.3,1761125253967
414,682,446561.5,1761125254044
414,682,446651.8,1761125254134
414,682,446735.19999999,1761125254218
414,682,446809.69999999,1761125254292
414,682,446883.69999999,1761125254366
414,682,446965.8,1761125254448
414,682,447034.8,1761125254517
414,682,447116.5,1761125254599
414,682,447184.39999999,1761125254667
414,682,447267.39999999,1761125254750
414,682,447351.59999999,1761125254834
414,682,447431.39999999,1761125254914
414,682,447504.89999999,1761125254987
414,682,447581.19999999,1761125255064
414,682,447656.5,1761125255139
414,682,447731.39999999,1761125255214
414,682,447805,1761125255288
414,682,447877.8,1761125255360
414,682,447967.69999999,1761125255450
414,682,448045.89999999,1761125255528
414,682,448131.89999999,1761125255614
414,682,448216.69999999,1761125255699
414,682,448300.5,1761125255783
414,682,448382.5,1761125255865
414,682,448470.89999999,1761125255953
414,682,448547.89999999,1761125256030
414,682,448622.69999999,1761125256105
414,682,448720.8,1761125256203
414,682,448794.69999999,1761125256277
414,682,448866.39999999,1761125256349
414,682,448951.19999999,1761125256434
414,682,449030.59999999,1761125256513
414,682,449099.69999999,1761125256582
414,682,449181.8,1761125256664
414,682,449264.09999999,1761125256747
414,682,449350.59999999,1761125256833
414,682,449438.09999999,1761125256921
414,682,449523.8,1761125257006
414,682,449602.89999999,1761125257085
414,682,449673,1761125257156
414,682,449742.19999999,1761125257225
414,682,449841,1761125257323
414,682,449927.59999999,1761125257410
414,682,449997.39999999,1761125257480
414,682,450086.59999999,1761125257569
414,682,450163.69999999,1761125257646
414,682,450237.59999999,1761125257720
414,682,450313.8,1761125257796
414,682,450388.8,1761125257871
414,682,450465.69999999,1761125257948
414,682,450535.5,1761125258018
414,682,450612.19999999,1761125258095
414,682,450683.69999999,1761125258166
414,682,450764.69999999,1761125258247
414,682,450852.5,1761125258335
414,682,450930.19999999,1761125258413
414,682,451001.69999999,1761125258484
414,682,451081.19999999,1761125258564
414,682,451151.69999999,1761125258634
414,682,451234.8,1761125258717
414,682,451316.19999999,1761125258799
414,682,451396.69999999,1761125258879
414,682,451471.19999999,1761125258954
414,682,451570.59999999,1761125259053
414,682,451661.19999999,1761125259144
414,682,451763.39999999,1761125259246
414,682,451832.59999999,1761125259315
414,682,451913.5,1761125259396
414,682,451987.39999999,1761125259470
414,682,452064.09999999,1761125259547
414,682,452135.8,1761125259618
414,682,452211.69999999,1761125259694
414,682,452295.3,1761125259778
414,682,452385.59999999,1761125259868
414,682,452464.8,1761125259947
414,682,452547.19999999,1761125260030
414,682,452624.8,1761125260107
414,682,452701.59999999,1761125260184
414,682,452787.19999999,1761125260270
414,682,452864.69999999,1761125260347
414,682,452936.8,1761125260419
414,682,453014.5,1761125260497
414,682,453106.69999999,1761125260589
414,682,453179.69999999,1761125260662
414,682,453251,1761125260734
414,682,453331.89999999,1761125260814
414,682,453402.39999999,1761125260885
414,682,453483.5,1761125260966
414,682,453564.3,1761125261047
414,682,453636.69999999,1761125261119
414,682,453709.19999999,1761125261192
414,682,453801.69999999,1761125261284
414,682,453893.89999999,1761125261376
414,682,453967.59999999,1761125261450
414,682,454048,1761125261531
414,682,454131.8,1761125261614
414,682,454212,1761125261695
414,682,454283.8,1761125261766
414,682,454365.8,1761125261848
414,682,454433.3,1761125261916
414,682,454513.59999999,1761125261996
414,682,454587.5,1761125262070
414,682,454659.3,1761125262142
414,682,454732.5,1761125262215
414,682,454813.69999999,1761125262296
414,682,454885.59999999,1761125262368
414,682,454965.3,1761125262448
414,682,455041,1761125262524
414,682,455118.69999999,1761125262601
414,682,455193.3,1761125262676
414,682,455285.89999999,1761125262768
414,682,455389.5,1761125262872
414,682,455460.89999999,1761125262943
414,682,455532.5,1761125263015
414,682,455615.19999999,1761125263098
414,682,455684.59999999,1761125263167
414,682,455774,1761125263257
414,682,455863.3,1761125263346
414,682,455957.09999999,1761125263440
414,682,456028.09999999,1761125263511
414,682,456126.8,1761125263609
414,682,456202.39999999,1761125263685
414,682,456277.8,1761125263760
414,682,456363.59999999,1761125263846
414,682,456444.89999999,1761125263927
414,682,456534.09999999,1761125264017
414,682,456619.39999999,1761125264102
414,682,456704.69999999,1761125264187
414,682,456784.19999999,1761125264267
414,682,456857.19999999,1761125264340
414,682,456928.09999999,1761125264411
414,682,457002.8,1761125264485
414,682,457089.8,1761125264572
414,682,457165.09999999,1761125264648
414,682,457241.3,1761125264724
414,682,457310.69999999,1761125264793
414,682,457401.5,1761125264884
414,682,457488,1761125264971
414,682,457568.39999999,1761125265051
414,682,457648.3,1761125265131
414,682,457734.09999999,1761125265217
414,682,457812.19999999,1761125265295
414,682,457891.5,1761125265374
414,682,457965,1761125265447
414,682,458042.5,1761125265525
414,682,458114,1761125265597
414,682,458198.8,1761125265681
414,682,458271.09999999,1761125265754
414,682,458347.8,1761125265830
414,682,458416.09999999,1761125265899
414,682,458496.19999999,1761125265979
414,682,458581.3,1761125266064
414,682,458657.3,1761125266140
414,682,458731,1761125266214
414,682,458799.69999999,1761125266282
414,682,458881.19999999,1761125266364
414,682,458965.8,1761125266448
414,682,459046.5,1761125266529
414,682,459121.09999999,1761125266604
414,682,459202.3,1761125266685
414,682,459274.89999999,1761125266757
414,682,459347.5,1761125266830
414,682,459418.8,1761125266901
414,682,459499.89999999,1761125266982
414,682,459616.3,1761125267099
414,682,459699.39999999,1761125267182
414,682,459783.8,1761125267266
414,682,459862,1761125267345
414,682,459948.8,1761125267431
414,682,460030.09999999,1761125267513
414,682,460109.69999999,1761125267592
414,682,460182.39999999,1761125267665
414,682,460263.39999999,1761125267746
414,682,460334.3,1761125267817
414,682,460439.8,1761125267922
414,682,460530.69999999,1761125268013
414,682,460604.19999999,1761125268087
414,682,460676.5,1761125268159
414,682,460751.59999999,1761125268234
414,682,460834.5,1761125268317
414,682,460916.89999999,1761125268399
414,682,461017.89999999,1761125268500
414,682,461100,1761125268583
414,682,461175,1761125268658
414,682,461248.89999999,1761125268731
414,682,461368.09999999,1761125268851
414,682,461475.89999999,1761125268958
414,682,461545.69999999,1761125269028
414,682,461634.19999999,1761125269117
414,682,461716.3,1761125269199
414,682,461785,1761125269268
414,682,461863.8,1761125269346
414,682,461948.89999999,1761125269431
414,682,462021.19999999,1761125269504
414,682,462098.09999999,1761125269581
414,682,462179.69999999,1761125269662
414,682,462256,1761125269739
415,676,462339.19999999,1761125269822
426,667,462423.09999999,1761125269906
430,664,462509.09999999,1761125269992
522,625,462592.3,1761125270075
540,622,462675.8,1761125270158
615,603,462761.5,1761125270244
739,591,462850.3,1761125270333
895,574,462940.59999999,1761125270423
1072,541,463031.59999999,1761125270514
1081,537,463122.8,1761125270605
1144,486,463213,1761125270696
1194,438,463305,1761125270788
1269,385,463400.69999999,1761125270883
1293,361,463489.69999999,1761125270972
1293,361,463578,1761125271061
1293,361,463663.8,1761125271146
1293,361,463746.59999999,1761125271229
1293,361,463830.3,1761125271313
1293,361,463906.69999999,1761125271389
1293,361,463989.89999999,1761125271472
1293,361,464070.69999999,1761125271553
1293,361,464144.39999999,1761125271627
1293,361,464215.39999999,1761125271698
1293,361,464299.39999999,1761125271782
1293,361,464385.8,1761125271868
1293,361,464468.09999999,1761125271951
1293,361,464550.8,1761125272033
1293,361,464632.39999999,1761125272115
1293,361,464734.19999999,1761125272217
1293,361,464804.8,1761125272287
1293,361,464885.89999999,1761125272368
1293,361,464968.19999999,1761125272451
1293,361,465051.8,1761125272534
1293,361,465133.39999999,1761125272616
1293,361,465218.3,1761125272701
1293,361,465298.09999999,1761125272781
1293,361,465377.09999999,1761125272860
1293,361,465464.69999999,1761125272947
1293,361,465536.3,1761125273019
1293,361,465615.5,1761125273098
1293,361,465698.39999999,1761125273181
1293,361,465767.59999999,1761125273250
1293,361,465846.89999999,1761125273329
1293,361,465930.8,1761125273413
1293,361,466004.39999999,1761125273487
1293,361,466084.39999999,1761125273567
1293,361,466162.69999999,1761125273645
1293,361,466256.5,1761125273739
1293,361,466327.69999999,1761125273810
1293,361,466429.19999999,1761125273912
1293,361,466515.09999999,1761125273998
1293,361,466604.5,1761125274087
1293,361,466681.19999999,1761125274164
1293,361,466754.39999999,1761125274237
1293,361,466834.09999999,1761125274317
1293,361,466912.8,1761125274395
1293,361,466999.69999999,1761125274482
1293,361,467081.69999999,1761125274564
1293,361,467155.89999999,1761125274639
1293,361,467231.3,1761125274714
1293,361,467316.59999999,1761125274799
1293,361,467400.09999999,1761125274883
1293,361,467484.39999999,1761125274967
1293,361,467566.8,1761125275049
1293,361,467649.69999999,1761125275132
1293,361,467730.8,1761125275213
1293,361,467818.69999999,1761125275301
1293,361,467894.8,1761125275377
1293,361,467979.59999999,1761125275462
1293,361,468061.39999999,1761125275544
1293,361,468146,1761125275629
1293,361,468218.8,1761125275701
1293,361,468300.5,1761125275783
1293,361,468383.5,1761125275866
1293,361,468464.39999999,1761125275947
1293,361,468535.59999999,1761125276018
1293,361,468615.09999999,1761125276098
1293,361,468694.39999999,1761125276177
1293,361,468766.59999999,1761125276249
1293,361,468855.5,1761125276338
1293,361,468931.3,1761125276414
1293,361,469003.89999999,1761125276486
1293,361,469082.5,1761125276565
1293,361,469157.3,1761125276640
1293,361,469233.09999999,1761125276716
1293,361,469317.59999999,1761125276800
1293,361,469401.69999999,1761125276884
1293,361,469484.5,1761125276967
1293,363,469570.59999999,1761125277053
1293,363,469650.5,1761125277133
1293,363,469733.09999999,1761125277216
1293,363,469811.5,1761125277294
1293,363,469885.09999999,1761125277368
1293,363,469974.5,1761125277457
1293,363,470052.5,1761125277535
1293,363,470130,1761125277613
1293,363,470203.8,1761125277686
1293,363,470283.59999999,1761125277766
1293,363,470365.8,1761125277848
1293,363,470453.69999999,1761125277936
1293,363,470535.89999999,1761125278018
1293,363,470615.3,1761125278098
1293,363,470688.69999999,1761125278171
1293,363,470767.89999999,1761125278250
1293,363,470844,1761125278326
1293,363,470935.3,1761125278418
1293,363,471041.69999999,1761125278524
1293,363,471113.89999999,1761125278596
1293,363,471202,1761125278685
1293,363,471280.19999999,1761125278763
1293,363,471350.39999999,1761125278833
1293,363,471430.59999999,1761125278913
1293,363,471502.09999999,1761125278985
1293,363,471581.3,1761125279064
1293,363,471653.69999999,1761125279136
1293,363,471731.89999999,1761125279214
1293,363,471818.89999999,1761125279302
1293,363,471900.19999999,1761125279383
1293,363,471984.3,1761125279467
1293,363,472065,1761125279548
1293,363,472147.5,1761125279630
1293,363,472227.19999999,1761125279710
1293,363,472300.69999999,1761125279783
1293,363,472381.59999999,1761125279864
1293,363,472465.19999999,1761125279948
1293,363,472553.69999999,1761125280036
1293,363,472633.5,1761125280116
1293,363,472718.5,1761125280201
1293,363,472802.69999999,1761125280285
1293,363,472877,1761125280360
1293,363,472970,1761125280453
1293,363,473052.3,1761125280535
1293,363,473132.69999999,1761125280615
1293,363,473218.19999999,1761125280701
1293,363,473303.09999999,1761125280786
1293,363,473388,1761125280870
1293,363,473462.69999999,1761125280945
1293,363,473533.19999999,1761125281016
1293,363,473608.39999999,1761125281091
1293,363,473681,1761125281163
1293,363,473759.39999999,1761125281242
1293,363,473830.09999999,1761125281313
1293,363,473919.09999999,1761125281402
1293,363,473991.89999999,1761125281474
1293,363,474079.09999999,1761125281562
1293,363,474169.8,1761125281652
1293,363,474244,1761125281727
1293,363,474331.89999999,1761125281814
1293,363,474416.5,1761125281899
1293,363,474496.3,1761125281979
1293,363,474567.3,1761125282050
1293,363,474648.69999999,1761125282131
1293,363,474732,1761125282215
1293,363,474814.69999999,1761125282297
1293,363,474889.19999999,1761125282372
1293,363,474962,1761125282445
1293,363,475049.89999999,1761125282532
1293,363,475130.09999999,1761125282613
1293,363,475200.39999999,1761125282683
1293,363,475280,1761125282763
1293,363,475356.09999999,1761125282839
1293,363,475427.59999999,1761125282910
1293,363,475513.8,1761125282996
1293,363,475600.69999999,1761125283083
1293,363,475681.8,1761125283164
1293,363,475755.19999999,1761125283238
1293,363,475829.19999999,1761125283312
1293,363,475914.3,1761125283397
1293,363,475985.09999999,1761125283468
1293,363,476068.59999999,1761125283551
1293,363,476143.39999999,1761125283626
1293,363,476229.39999999,1761125283712
1293,363,476300.8,1761125283783
1293,363,476379.8,1761125283862
1293,363,476449.89999999,1761125283932
1293,363,476531.39999999,1761125284014
1293,363,476617.89999999,1761125284100
1293,363,476691.59999999,1761125284174
1293,363,476764.89999999,1761125284247
1293,363,476849.89999999,1761125284332
1293,363,476932.09999999,1761125284415
1293,363,477002.8,1761125284485
1293,363,477082.09999999,1761125284565
1293,363,477166.39999999,1761125284649
1293,363,477244.39999999,1761125284727
1293,363,477331.5,1761125284814
1293,363,477414.5,1761125284897
1293,363,477490,1761125284973
1293,363,477565.19999999,1761125285048
1293,363,477638.59999999,1761125285121
1293,363,477711.39999999,1761125285194
1293,363,477801,1761125285284
1293,363,477882.39999999,1761125285365
1293,363,477967.39999999,1761125285450
1293,363,478052.19999999,1761125285535
1293,363,478128.59999999,1761125285611
1293,363,478197.5,1761125285680
1293,363,478277.5,1761125285760
1293,363,478367.3,1761125285850
1293,363,478450,1761125285933
1293,363,478531.59999999,1761125286014
1293,363,478612.89999999,1761125286095
1293,363,478688.69999999,1761125286171
1293,363,478768.09999999,1761125286251
1293,363,478845.39999999,1761125286328
1293,363,478923.69999999,1761125286406
1293,363,478993.59999999,1761125286476
1293,363,479090.69999999,1761125286573
1293,363,479162.8,1761125286645
1293,363,479233.69999999,1761125286716
1293,363,479314.19999999,1761125286797
1293,363,479394,1761125286877
1293,363,479468.19999999,1761125286951
1293,363,479547.09999999,1761125287030
1293,363,479620.3,1761125287103
1293,363,479697.19999999,1761125287180
1293,363,479766.59999999,1761125287249
1293,363,479848,1761125287331
1293,363,479930.59999999,1761125287413
1293,363,479999.59999999,1761125287482
1293,363,480080,1761125287563
1293,363,480160.5,1761125287643
1293,363,480245.8,1761125287728
1293,363,480323.39999999,1761125287806
1293,363,480396,1761125287879
1293,363,480470.8,1761125287953
1293,363,480564.3,1761125288047
1293,363,480634.09999999,1761125288117
1293,363,480708.39999999,1761125288191
1293,363,480785.3,1761125288268
1293,363,480862.3,1761125288345
1293,363,480953.5,1761125288436
1293,363,481027.09999999,1761125288510
1293,363,481106.19999999,1761125288589
1293,363,481178.39999999,1761125288661
1293,363,481255.39999999,1761125288738
1293,363,481329,1761125288812
1293,363,481423.69999999,1761125288906
1293,363,481498.59999999,1761125288981
1293,363,481580,1761125289063
1293,363,481663.5,1761125289146
1293,363,481737.89999999,1761125289220
1293,363,481814.59999999,1761125289297
1293,363,481899.89999999,1761125289382
1293,363,481979.69999999,1761125289462
1293,363,482052.09999999,1761125289535
1293,363,482131.8,1761125289614
1293,363,482212.39999999,1761125289695
1293,363,482284,1761125289767
1293,363,482357.89999999,1761125289840
1293,363,482431.89999999,1761125289914
1293,363,482509.59999999,1761125289992
1293,363,482581.3,1761125290064
1293,363,482669.59999999,1761125290152
1293,363,482757.89999999,1761125290240
1293,363,482832.19999999,1761125290315
1293,363,482918.19999999,1761125290401
1293,363,482996,1761125290479
1293,363,483074.39999999,1761125290557
1293,363,483148.59999999,1761125290631
1293,363,483226.09999999,1761125290709
1293,363,483299.59999999,1761125290782
1293,363,483379.5,1761125290862
1293,363,483465.09999999,1761125290948
1293,363,483552.09999999,1761125291035
1293,363,483629.19999999,1761125291112
1293,363,483701.39999999,1761125291184
1293,363,483779.39999999,1761125291262
1293,363,483852.69999999,1761125291335
1293,363,483929.5,1761125291412
1293,363,484006.3,1761125291489
1293,363,484099.89999999,1761125291582
1293,363,484182.69999999,1761125291665
1293,363,484258.39999999,1761125291741
1293,363,484331,1761125291814
1293,363,484402.09999999,1761125291885
1293,363,484507.3,1761125291990
1293,363,484581.69999999,1761125292064
1293,363,484668.19999999,1761125292151
1293,363,484753.89999999,1761125292237
1293,363,484833.59999999,1761125292316
1293,363,484915.3,1761125292398
1293,363,484997.39999999,1761125292480
1293,363,485082,1761125292565
1293,363,485166.19999999,1761125292649
1293,363,485245.89999999,1761125292728
1293,363,485316.89999999,1761125292799
1293,363,485393,1761125292875
1293,363,485476.19999999,1761125292959
1293,363,485564.59999999,1761125293047
1293,363,485653.8,1761125293136
1293,363,485729.89999999,1761125293212
1293,363,485815.3,1761125293298
1293,363,485902.69999999,1761125293385
1293,363,485984.69999999,1761125293467
1293,363,486064,1761125293547
1293,363,486134.5,1761125293617
1293,363,486205.09999999,1761125293688
1293,363,486274.5,1761125293757
1293,363,486368.39999999,1761125293851
1293,363,486444,1761125293927
1293,363,486533.5,1761125294016
1293,363,486613.8,1761125294096
1293,363,486689.69999999,1761125294172
1293,363,486764.59999999,1761125294247
1293,363,486848.19999999,1761125294331
1293,363,486934,1761125294417
1293,363,487017.59999999,1761125294500
1293,363,487101.19999999,1761125294584
1293,363,487182.5,1761125294665
1293,363,487271.19999999,1761125294754
1293,363,487349.5,1761125294832
1293,363,487431.3,1761125294914
1293,363,487507.69999999,1761125294990
1293,363,487596,1761125295079
1293,363,487670.8,1761125295153
1293,363,487742.69999999,1761125295225
1293,363,487837.5,1761125295320
1293,363,487931.09999999,1761125295414
1293,363,487998.3,1761125295481
1293,363,488072.69999999,1761125295555
1293,363,488147.09999999,1761125295630
1293,363,488220.5,1761125295703
1293,363,488296.5,1761125295779
1293,363,488367.69999999,1761125295850
1293,363,488447.59999999,1761125295930
1293,363,488528.89999999,1761125296012
1293,363,488597.89999999,1761125296080
1293,363,488683.8,1761125296166
1293,363,488767.09999999,1761125296250
1293,363,488845.89999999,1761125296328
1293,363,488914.5,1761125296397
1293,363,488988.89999999,1761125296471
1293,363,489066.89999999,1761125296549
1293,363,489143.3,1761125296626
1293,363,489225,1761125296708
1293,363,489324.5,1761125296807
1293,363,489424.09999999,1761125296907
1293,363,489496.39999999,1761125296979
1293,363,489571.69999999,1761125297054
1293,363,489661.39999999,1761125297144
1293,363,489743.8,1761125297226
1293,363,489825.5,1761125297308
1293,363,489896.69999999,1761125297379
1293,363,489989.09999999,1761125297472
1293,363,490065.59999999,1761125297548
1293,363,490151.69999999,1761125297634
1293,363,490229.39999999,1761125297712
1293,363,490299.59999999,1761125297782
1293,363,490398.09999999,1761125297881
1293,363,490471.8,1761125297954
1293,363,490544.5,1761125298027
1293,363,490636,1761125298119
1293,363,490711.09999999,1761125298194
1293,363,490798,1761125298281
1293,363,490871.39999999,1761125298354
1293,363,490953.5,1761125298436
1293,363,491031.39999999,1761125298514
1293,363,491104.5,1761125298587
1293,363,491187.59999999,1761125298670
1293,363,491267,1761125298749
1293,363,491345.39999999,1761125298828
1293,363,491419,1761125298902
1293,363,491523.09999999,1761125299006
1293,363,491612.19999999,1761125299095
1293,363,491684.3,1761125299167
1293,363,491766.69999999,1761125299249
1293,363,491851.59999999,1761125299334
1293,363,491934.59999999,1761125299417
1293,363,492014.5,1761125299497
1293,363,492096.39999999,1761125299579
1293,363,492179.39999999,1761125299662
1293,363,492267.89999999,1761125299750
1293,363,492349.69999999,1761125299832
1293,363,492432.09999999,1761125299915
1293,363,492514.89999999,1761125299997
1293,363,492598.19999999,1761125300081
1293,363,492676.69999999,1761125300159
1293,363,492766.59999999,1761125300249
1293,363,492850.5,1761125300333
1293,363,492930.69999999,1761125300413
1293,363,493018,1761125300501
1293,363,493101.39999999,1761125300584
1293,363,493187.89999999,1761125300670
1293,363,493261.89999999,1761125300744
1293,363,493331.8,1761125300814
1293,363,493417.59999999,1761125300900
1293,363,493500.89999999,1761125300983
1293,363,493584.09999999,1761125301067
1293,363,493667.09999999,1761125301150
1293,363,493744.39999999,1761125301227
1293,363,493825.09999999,1761125301308
1293,363,493899.3,1761125301382
1293,363,493978.8,1761125301461
1293,363,494049.19999999,1761125301532
1293,363,494129.5,1761125301612
1293,363,494211.59999999,1761125301694
1293,363,494285.39999999,1761125301768
1293,363,494362.3,1761125301845
1293,363,494439.39999999,1761125301922
1293,363,494512.8,1761125301995
1293,363,494582.19999999,1761125302065
1293,363,494659.19999999,1761125302142
1293,363,494746.3,1761125302229
1293,363,494821.69999999,1761125302304
1293,363,494897.89999999,1761125302380
1293,363,494978.39999999,1761125302461
1293,363,495052.5,1761125302535
1293,363,495130.09999999,1761125302613
1293,363,495201.8,1761125302684
1293,363,495280.5,1761125302763
1293,363,495362.59999999,1761125302845
1293,363,495445.3,1761125302928
1293,363,495530.3,1761125303013
1293,363,495612.39999999,1761125303095
1293,363,495688.8,1761125303171
1293,363,495761.89999999,1761125303244
1293,363,495830.39999999,1761125303313
1293,363,495916.5,1761125303399
1293,363,495998.8,1761125303481
1293,363,496083.09999999,1761125303566
1293,363,496163.89999999,1761125303646
1293,363,496237.69999999,1761125303720
1293,363,496311.89999999,1761125303794
1293,363,496382,1761125303865
1293,363,496453.8,1761125303936
1293,363,496559,1761125304042
1293,363,496628.3,1761125304111
1293,363,496711.39999999,1761125304194
1293,363,496786,1761125304269
1293,363,496862.89999999,1761125304345
1293,363,496938.39999999,1761125304421
1293,363,497008.69999999,1761125304491
1293,363,497082.19999999,1761125304565
1293,363,497159,1761125304642
1293,363,497231.89999999,1761125304714
1293,363,497314.39999999,1761125304797
1293,363,497396.69999999,1761125304879
1293,363,497465.89999999,1761125304948
1293,363,497543.3,1761125305026
1293,363,497633.5,1761125305116
1293,363,497711.89999999,1761125305194
1293,363,497785.5,1761125305268
1293,363,497862,1761125305345
1293,363,497934.69999999,1761125305417
1293,363,498008.69999999,1761125305491
1293,363,498080.8,1761125305563
1293,363,498161.89999999,1761125305644
1293,363,498230,1761125305713
1293,363,498316.5,1761125305799
1293,363,498401.19999999,1761125305884
1293,363,498479.5,1761125305962
1293,363,498559.3,1761125306042
1293,363,498632,1761125306115
1293,363,498699.59999999,1761125306182
1293,363,498771.5,1761125306254
1293,363,498869.8,1761125306352
1293,363,498946.89999999,1761125306430
1293,363,499018.69999999,1761125306501
1293,363,499113.89999999,1761125306597
1293,363,499214.39999999,1761125306697
1293,363,499303.3,1761125306786
1293,363,499391.19999999,1761125306874
1293,363,499457.89999999,1761125306940
1293,363,499578.19999999,1761125307061
1293,363,499649,1761125307132
1293,363,499730.09999999,1761125307213
1293,363,499816.5,1761125307299
1293,363,499899.5,1761125307382
1293,363,499979.89999999,1761125307462
1293,363,500060.8,1761125307543
1293,363,500135,1761125307618
1293,363,500217,1761125307700
1293,363,500321.59999999,1761125307804
1293,363,500397.39999999,1761125307880
1293,363,500481.3,1761125307964
1293,363,500562.89999999,1761125308046
1293,363,500648.3,1761125308131
1293,363,500728.8,1761125308211
1293,363,500815.69999999,1761125308298
1293,363,500898.3,1761125308381
1293,363,500979.89999999,1761125308462
1293,363,501059.09999999,1761125308542
1293,363,501145.39999999,1761125308628
1293,363,501215.8,1761125308698
1293,363,501316,1761125308799
1293,363,501410.8,1761125308893
1293,363,501479.59999999,1761125308962
1293,363,501565.69999999,1761125309048
1293,363,501648.39999999,1761125309131
1293,363,501731.09999999,1761125309214
1293,363,501817.09999999,1761125309300
1293,363,501895.89999999,1761125309378
1293,363,501980,1761125309463
1293,363,502064.8,1761125309547
1293,363,502154.59999999,1761125309637
1293,363,502228.69999999,1761125309711
1293,363,502304.89999999,1761125309787
1293,363,502384.19999999,1761125309867
1293,363,502460.3,1761125309943
1293,363,502533.59999999,1761125310016
1293,363,502602.09999999,1761125310085
1293,363,502697.89999999,1761125310180
1293,363,502769.5,1761125310252
1293,363,502839.3,1761125310322
1293,363,502913.39999999,1761125310396
1293,363,503000.89999999,1761125310483
1293,363,503084.19999999,1761125310567
1293,363,503166,1761125310649
1293,363,503250.19999999,1761125310733
1293,363,503331,1761125310813
1293,363,503412,1761125310894
1293,363,503482.09999999,1761125310965
1293,363,503559.5,1761125311042
1293,363,503650.5,1761125311133
1293,363,503751.3,1761125311234
1293,363,503821.19999999,1761125311304
1293,363,503891.8,1761125311374
1293,363,503964.69999999,1761125311447
1293,363,504047,1761125311530
1293,363,504129.8,1761125311612
1293,363,504200.39999999,1761125311683
1293,363,504275.5,1761125311758
1293,363,504366.59999999,1761125311849
1293,363,504458,1761125311940
1293,363,504542.5,1761125312025
1293,363,504629.5,1761125312112
1293,363,504713.5,1761125312196
1293,363,504797.3,1761125312280
1293,363,504880.39999999,1761125312363
1293,363,504959.69999999,1761125312442
1293,363,505053.89999999,1761125312536
1293,363,505133.89999999,1761125312616
1293,363,505215.5,1761125312698
1293,363,505294.39999999,1761125312777
1293,363,505365,1761125312848
1293,363,505440.39999999,1761125312923
1293,363,505531,1761125313014
1293,363,505616.59999999,1761125313099
1293,363,505700.3,1761125313183
1293,363,505785.09999999,1761125313268
1293,363,505866.59999999,1761125313349
1293,363,505947.09999999,1761125313430
1293,363,506018.3,1761125313501
1293,363,506087.39999999,1761125313570
1293,363,506189.19999999,1761125313672
1293,363,506261.09999999,1761125313744
1293,363,506334.89999999,1761125313817
1293,363,506413.5,1761125313896
1293,363,506495.89999999,1761125313978
1293,363,506573.39999999,1761125314056
1293,363,506648.3,1761125314131
1293,363,506728.09999999,1761125314211
1293,363,506802.89999999,1761125314285
1293,363,506876,1761125314359
1293,363,506961.8,1761125314444
1293,363,507033.59999999,1761125314516
1293,363,507113.09999999,1761125314596
1293,363,507184.5,1761125314667
1293,363,507262.39999999,1761125314745
1293,363,507331.3,1761125314814
1293,363,507415.09999999,1761125314898
1293,363,507498.59999999,1761125314981
1293,363,507579.39999999,1761125315062
1293,363,507650,1761125315132
1293,363,507732.3,1761125315215
1293,363,507808.89999999,1761125315291
1293,363,507885.19999999,1761125315368
1293,363,507959.19999999,1761125315442
1293,363,508050.59999999,1761125315533
1293,363,508128.09999999,1761125315611
1293,363,508209.19999999,1761125315692
1293,363,508293.8,1761125315776
1293,363,508372.19999999,1761125315855
1293,363,508453.5,1761125315936
1293,363,508532.39999999,1761125316015
1293,363,508621.5,1761125316104
1293,363,508715.09999999,1761125316198
1293,363,508811,1761125316294
1293,363,508881.8,1761125316364
1293,363,508964.89999999,1761125316447
1293,363,509052.3,1761125316535
1293,363,509135.19999999,1761125316618
1293,363,509220,1761125316703
1293,363,509307.59999999,1761125316790
1293,363,509398.09999999,1761125316881
1293,363,509492.59999999,1761125316975
1293,363,509562.19999999,1761125317045
1293,378,509653.59999999,1761125317136
1293,417,509738.3,1761125317221
1293,427,509819.89999999,1761125317302
1294,451,509903.3,1761125317386
1308,469,509990.19999999,1761125317473
1317,483,510076,1761125317559
1323,489,510160.19999999,1761125317643
1323,489,510240,1761125317723
1326,493,510322.59999999,1761125317805
1326,493,510402.39999999,1761125317885
1326,493,510489.59999999,1761125317972
1326,493,510571.69999999,1761125318054
1326,493,510654,1761125318136
1326,493,510734.59999999,1761125318217
1326,493,510815.09999999,1761125318298
1326,493,510893.19999999,1761125318376
1326,493,510964,1761125318447
1326,493,511053.89999999,1761125318536
1326,493,511135.59999999,1761125318618
1326,493,511211.09999999,1761125318694
1327,511,511293.09999999,1761125318776
1327,513,511372.39999999,1761125318855
1327,513,511444.19999999,1761125318927
1327,513,511533,1761125319016
1327,513,511613,1761125319096
1330,513,511692.39999999,1761125319175
1330,513,511767.5,1761125319250
1338,513,511856.59999999,1761125319339
1339,513,511942.8,1761125319425
1339,513,512024.69999999,1761125319507
1339,513,512103.3,1761125319586
1339,513,512183.39999999,1761125319666
1339,513,512269,1761125319751
1339,513,512346.89999999,1761125319829
1339,513,512434.8,1761125319917
1320,522,512525.69999999,1761125320008
1294,528,512610.8,1761125320093
1230,541,512694.3,1761125320177
1219,547,512778.39999999,1761125320261
1201,558,512863.59999999,1761125320346
1200,561,512944.89999999,1761125320427
1197,564,513030.89999999,1761125320513
1191,565,513119.3,1761125320602
1191,565,513199.09999999,1761125320682
1191,565,513276.8,1761125320759
1191,565,513356.8,1761125320839
1191,565,513442.19999999,1761125320925
1191,565,513538.89999999,1761125321021
1191,565,513627.5,1761125321110
1191,565,513707.69999999,1761125321190
1191,565,513810.5,1761125321293
1191,565,513886.59999999,1761125321369
1183,570,513968.5,1761125321451
1179,571,514051.39999999,1761125321534
1171,586,514133,1761125321616
1170,595,514225.59999999,1761125321708
1165,603,514313.69999999,1761125321796
1150,624,514398.69999999,1761125321881
1138,643,514483.59999999,1761125321966
1087,663,514574.39999999,1761125322057
1069,664,514670.3,1761125322153
1030,667,514765.19999999,1761125322248
1023,667,514864.5,1761125322347
976,673,514965,1761125322448
966,675,515078.8,1761125322561
961,676,515185.69999999,1761125322668
961,681,515275.5,1761125322758
960,684,515361.19999999,1761125322844
958,685,515447.59999999,1761125322930
957,687,515535,1761125323018
957,687,515621.19999999,1761125323104
957,687,515705.89999999,1761125323188
955,688,515797.89999999,1761125323281
955,688,515880.89999999,1761125323363
955,688,515961.09999999,1761125323444
955,688,516043.09999999,1761125323526
955,688,516124.8,1761125323607
955,688,516200.5,1761125323683
955,688,516288.5,1761125323771
955,688,516364,1761125323847
972,678,516455.09999999,1761125323938
1033,663,516547.59999999,1761125324030
